3.672728842784635361e+01
3.623108331408271710e+01
3.561123769445630671e+01
3.487162766431622174e+01
3.401093054606955945e+01
3.309896625256708091e+01
3.209567860249270410e+01
3.109433224064930101e+01
3.008693384941593152e+01
2.910938333502715736e+01
2.819456790885454467e+01
2.734134813615797910e+01
2.658457080597189304e+01
2.597865492252875796e+01
2.549497261185082309e+01
2.520834983817704611e+01
2.511225325383662721e+01
2.518819459376281600e+01
2.543438746353817237e+01
2.577261344035582269e+01
2.619117033186059018e+01
2.655636769190235214e+01
2.685410878936743373e+01
2.695255926202652930e+01
2.683004414276739169e+01
2.634362730127044827e+01
2.555286513132803705e+01
2.440215673943556496e+01
2.295133009878056640e+01
2.133065015186056712e+01
1.958808175455384060e+01
1.793384679025596284e+01
1.641895280648267530e+01
1.515110594692457191e+01
1.417999434914910140e+01
1.359211228734992893e+01
1.335635654369026781e+01
1.343442602079342763e+01
1.381331507466336816e+01
1.444906302122275576e+01
1.529218893281911029e+01
1.629336996161299567e+01
1.739157649341937173e+01
1.857450218670580000e+01
1.982961336816501330e+01
2.108413646571180777e+01
2.238773598595715342e+01
2.367431294956285726e+01
2.503357967057130651e+01
2.630867208594091267e+01
2.756569494387493435e+01
2.873973592812329869e+01
2.988255448643782941e+01
3.102773300620107833e+01
3.219265536315244702e+01
3.324153646588936084e+01
3.432942304041549875e+01
3.531010078479407355e+01
3.625499679257824681e+01
3.716225819635439365e+01
3.808538400245201672e+01
3.899867084370288239e+01
3.980128339621027322e+01
4.055952444223541420e+01
4.126419603203714814e+01
4.201098172739973080e+01
4.309577554702983804e+01
4.372595031157757006e+01
4.434689379875744919e+01
4.490857393879281290e+01
4.539785254520035096e+01
4.578429474219169037e+01
4.618545178385962657e+01
4.656979397211473071e+01
4.688378044564888825e+01
4.725682658986592344e+01
4.737156635701168739e+01
4.751934552896792496e+01
4.765721890398268812e+01
4.773983716914221276e+01
4.770892771527581999e+01
4.763310867188904751e+01
4.752202417987011529e+01
4.730719747925883922e+01
4.726094478306385582e+01
4.695028473911739297e+01
4.641881256365747532e+01
4.593101148355043506e+01
4.535892787554071504e+01
4.468476886895783196e+01
4.392708621837259386e+01
4.317183371388954782e+01
4.234759594433703001e+01
4.142602534883502585e+01
4.047225949539581791e+01
3.944599653194292443e+01
3.848536067997139298e+01
3.743422861348992114e+01
3.626760324037217487e+01
3.517771485767321593e+01
3.398333756415913598e+01
3.277841858244230622e+01
3.159697131991994823e+01
3.033918684390020104e+01
2.876655968306212330e+01
2.716386679553413330e+01
2.544843555996868290e+01
2.361414686886128322e+01
2.159100281143977895e+01
1.945370547582680487e+01
1.721974910277785042e+01
1.480624978509418987e+01
1.225540139245898530e+01
9.610845373159982330e+00
6.847025692423379439e+00
4.124470864304088380e+00
1.516566731126748113e+00
0.000000000000000000e+00
0.000000000000000000e+00
0.000000000000000000e+00
0.000000000000000000e+00
0.000000000000000000e+00
0.000000000000000000e+00
0.000000000000000000e+00
0.000000000000000000e+00
0.000000000000000000e+00
0.000000000000000000e+00
0.000000000000000000e+00
0.000000000000000000e+00
0.000000000000000000e+00
0.000000000000000000e+00
0.000000000000000000e+00
0.000000000000000000e+00
1.469932132390756596e+00
3.560216662808769694e+00
5.704596218976537791e+00
7.876314945910158904e+00
1.003907173872285874e+01
1.220603281597152723e+01
1.427641512816735592e+01
1.630152336201927454e+01
1.817386239110535584e+01
1.994118309056764105e+01
2.155533066865113412e+01
2.307229541531050643e+01
2.440318567245971337e+01
2.562871761999508280e+01
2.669102915621421346e+01
2.760386617002968279e+01
2.844877846375351282e+01
2.920026294756831575e+01
2.990996222446807096e+01
3.060478250332838712e+01
3.123456122322674844e+01
3.183417936592081787e+01
3.236838414835453648e+01
3.282246198150507155e+01
3.322328170823258375e+01
3.356357658993200488e+01
3.385376620429381234e+01
3.408561280074620470e+01
3.421218204067157131e+01
3.426455544404470288e+01
3.423022757313759001e+01
3.405518365103821310e+01
3.381698485590847270e+01
3.346639826106700610e+01
3.304173202659922737e+01
3.252881149085355617e+01
3.194260515537524725e+01
3.127975848186775920e+01
3.058235424573573624e+01
2.987417798760181142e+01
2.915186734517809697e+01
2.846182322241080698e+01
2.784947866354961121e+01
2.732910707652872162e+01
2.691884183153597476e+01
2.664282881050323937e+01
2.648843972177208173e+01
2.646509900891055622e+01
2.660108286391619004e+01
2.686481305328367952e+01
2.715786226770834588e+01
2.748636938115837580e+01
2.768538581410791366e+01
2.768750952431602386e+01
2.744645587214333915e+01
2.700076106163778888e+01
2.615128549321907059e+01
2.506846242992308404e+01
2.364811655329074824e+01
2.206304345469422401e+01
2.039439079818441769e+01
1.874963566448024821e+01
1.724235279640755181e+01
1.599126343082035717e+01
1.501328121102674906e+01
1.435513603107287395e+01
1.405573933379280938e+01
1.407579892491861351e+01
1.439111322709592145e+01
1.494221750259553438e+01
1.570828235167035203e+01
1.666774895595620976e+01
1.775639514335624725e+01
1.898563779260272000e+01
2.027886458580240259e+01
2.153999259375951780e+01
2.286923693002288616e+01
2.417409404302020803e+01
2.547485667876435755e+01
2.683468710022216897e+01
2.806963512029920693e+01
2.937588078151926752e+01
3.059473476363535838e+01
3.172743403604440005e+01
3.285352464334945211e+01
3.392394641349765294e+01
3.494328649508526041e+01
3.590829207262381573e+01
3.683507952015720832e+01
3.779513765580971807e+01
3.868479766433867439e+01
3.958052249389016453e+01
4.039371765772808942e+01
4.112033941934772940e+01
4.184426170899842390e+01
4.258414900166268779e+01
4.320310313564399962e+01
4.375335443818129733e+01
4.428664601541252921e+01
4.471668953884028497e+01
4.512138502823616903e+01
4.552242141073670467e+01
4.587910695391818194e+01
4.631818521959082346e+01
4.672506898783166918e+01
4.697076682336822984e+01
4.713098857240987627e+01
4.722116258758422447e+01
4.735722300990216382e+01
4.745898532580356033e+01
4.743301565148681220e+01
4.742536038486941408e+01
4.742238669908971360e+01
4.725567110279081362e+01
4.697174210406998895e+01
4.687719803283213338e+01
4.655683240050706218e+01
4.616466382521338119e+01
4.565863436741238957e+01
4.512056961151405687e+01
4.444514593915248213e+01
4.369035594383113619e+01
4.285499279204679368e+01
4.200910021937144734e+01
4.120016453230383746e+01
4.012516869130763553e+01
3.914726019510003852e+01
3.811777650913220583e+01
3.697934822267305321e+01
3.598500537790437903e+01
3.483871754363064355e+01
3.365832211141059815e+01
3.218296396673316906e+01
3.084853517819797375e+01
2.933389619143971672e+01
2.761113244598737637e+01
2.574064819831403028e+01
2.373332500391233779e+01
2.164062763356617225e+01
1.942916505061128163e+01
1.697889698850042350e+01
1.453481829684942994e+01
1.192638751956605603e+01
9.288468220975216738e+00
6.350902320244067312e+00
3.835283821282688521e+00
1.429428825996146735e+00
0.000000000000000000e+00
0.000000000000000000e+00
0.000000000000000000e+00
0.000000000000000000e+00
0.000000000000000000e+00
0.000000000000000000e+00
0.000000000000000000e+00
0.000000000000000000e+00
0.000000000000000000e+00
0.000000000000000000e+00
0.000000000000000000e+00
0.000000000000000000e+00
0.000000000000000000e+00
0.000000000000000000e+00
0.000000000000000000e+00
7.221195330412912838e-01
2.681730657868760304e+00
4.646246577773395003e+00
6.689908523289644471e+00
8.720168352656280319e+00
1.076980961966184225e+01
1.278283261518305203e+01
1.474726346187056869e+01
1.666297224351082562e+01
1.856964000861349717e+01
2.035428839376388055e+01
2.206511973776464686e+01
2.361336442330621921e+01
2.506076967016432633e+01
2.633706316158561123e+01
2.750514542652894079e+01
2.854271987799413068e+01
2.950103189617411914e+01
3.035214017083909255e+01
3.113886794380437095e+01
3.186105956755464774e+01
3.251591329891637372e+01
3.313699410848489890e+01
3.370977299077795664e+01
3.424395487316633080e+01
3.472326792316960109e+01
3.512165728624894712e+01
3.552975259803783104e+01
3.578143165977839146e+01
3.598437630452297498e+01
3.599093179550827415e+01
3.588940967027081541e+01
3.563515902981668404e+01
3.526086273207762645e+01
3.475500484515252708e+01
3.419719398074081340e+01
3.351271568526012601e+01
3.277934266664508556e+01
3.198266832531575332e+01
3.116273498761204408e+01
3.036160269826178393e+01
2.959898004447513387e+01
2.890898603221144469e+01
2.834058934890106940e+01
2.786221464415034177e+01
2.754630954159557277e+01
2.735335460119274842e+01
2.720954284547161706e+01
2.723142316084952341e+01
2.730138497963774569e+01
2.761985798432571215e+01
2.780387602486371890e+01
2.791777567979780272e+01
2.794690431142531750e+01
2.766195716705538743e+01
2.713631046687912374e+01
2.626265979014790020e+01
2.517055643158220590e+01
2.381274882939310444e+01
2.237153201278740156e+01
2.082008188524540060e+01
1.934226863291832288e+01
1.798773610667191392e+01
1.684651978443277898e+01
1.598157973844777224e+01
1.546044974830777008e+01
1.518485294597075530e+01
1.521991312095503979e+01
1.551740370676985847e+01
1.604318677624002376e+01
1.669419352982864169e+01
1.745952981649025659e+01
1.845054719566237722e+01
1.943576473003011174e+01
2.055878533081414616e+01
2.170516814245538484e+01
2.289309561497109158e+01
2.407219738585140689e+01
2.525539976503911532e+01
2.644323217930958236e+01
2.761186838200030991e+01
2.877028175699290102e+01
2.991018492195295408e+01
3.097768985766556682e+01
3.196876480036905832e+01
3.296560325141825132e+01
3.385525904593109914e+01
3.479766121913151977e+01
3.565201812194919739e+01
3.650732698982967150e+01
3.731756472729027507e+01
3.814777811176653444e+01
3.890968516850779224e+01
3.965685928712810693e+01
4.045791599939408911e+01
4.120279862255918601e+01
4.195021886728566329e+01
4.264827075076876639e+01
4.317231934621468525e+01
4.374233831315208931e+01
4.414480814799580344e+01
4.450155768854415328e+01
4.483556340875037449e+01
4.532974296502877110e+01
4.563643321297240618e+01
4.615651417515115895e+01
4.648255541533402635e+01
4.682114147881691935e+01
4.684722880807220236e+01
4.711749368470006516e+01
4.738651471012951788e+01
4.773600256028576894e+01
4.758284332901443747e+01
4.749332476312398654e+01
4.730063305954105601e+01
4.690148152030590722e+01
4.643532683702512287e+01
4.582840788820134748e+01
4.526154254690735002e+01
4.452755451213164406e+01
4.384296076180321222e+01
4.302813685144518274e+01
4.216807285465805677e+01
4.115996262934159233e+01
4.016592181811350315e+01
3.903014484677221674e+01
3.791882833559414223e+01
3.668272941307006363e+01
3.567606764762306426e+01
3.461649734962129799e+01
3.310327969690936101e+01
3.140128398443251001e+01
3.020697374053388629e+01
2.872251702606072499e+01
2.713835037179266862e+01
2.559602570510661224e+01
2.387158530825167801e+01
2.210699280494457497e+01
1.997308013516498804e+01
1.786569707919627703e+01
1.542514204623005725e+01
1.294735550353446563e+01
1.039793591970889253e+01
7.948980731125963928e+00
5.465316130936804129e+00
3.158726247344624039e+00
9.567629146804451645e-01
0.000000000000000000e+00
0.000000000000000000e+00
0.000000000000000000e+00
0.000000000000000000e+00
0.000000000000000000e+00
0.000000000000000000e+00
0.000000000000000000e+00
0.000000000000000000e+00
0.000000000000000000e+00
0.000000000000000000e+00
0.000000000000000000e+00
0.000000000000000000e+00
0.000000000000000000e+00
2.907647293581930303e-01
2.126398896574769548e+00
4.018836140953829350e+00
6.033961266742046803e+00
8.072558679810800442e+00
1.017022660958168956e+01
1.225651023236585857e+01
1.434490932645250894e+01
1.636882227713035931e+01
1.832741767104341690e+01
2.014340339583943873e+01
2.183043941963125789e+01
2.330355717771749013e+01
2.469271316874806743e+01
2.591714433510642479e+01
2.707390107948014801e+01
2.806058184985628401e+01
2.895901827534063600e+01
2.971271340548057083e+01
3.039568466884144371e+01
3.097368465806168913e+01
3.153327810140117649e+01
3.202512109330784540e+01
3.250383189446940690e+01
3.291772090153320107e+01
3.329009511524207454e+01
3.359748124851513040e+01
3.385997105340239699e+01
3.404348315118954105e+01
3.415928494396674608e+01
3.423357451143022701e+01
3.425457910995430666e+01
3.420218855927034696e+01
3.409664010165616332e+01
3.389968297964108501e+01
3.371575643936125743e+01
3.337379209195604091e+01
3.298312290726764218e+01
3.249609435584617501e+01
3.194188202108520613e+01
3.133538646109883175e+01
3.067955969926158133e+01
2.997911335799393839e+01
2.927885370889264394e+01
2.855983797949991398e+01
2.789535463344656208e+01
2.724641961715798288e+01
2.667656374220340609e+01
2.619013554816355338e+01
2.585700729773093443e+01
2.562793310663843727e+01
2.557032506650616810e+01
2.563860688246013808e+01
2.584507238844252086e+01
2.615245490501964909e+01
2.649106708881248551e+01
2.688161274763914577e+01
2.722873508314670232e+01
2.749887928225442124e+01
2.763547481861762378e+01
2.757153343758099595e+01
2.731536472164858864e+01
2.678826105425033077e+01
2.603230731576826074e+01
2.498614178133493624e+01
2.365977040164419520e+01
2.231861196041216644e+01
2.087353857257320655e+01
1.944293351064153796e+01
1.814770818511120254e+01
1.705004649565667307e+01
1.621215365270465014e+01
1.564435990748651228e+01
1.544816636454524428e+01
1.544106603513558085e+01
1.569830577114212922e+01
1.616597574926381142e+01
1.684648120728393295e+01
1.766763723461001589e+01
1.862638935695382969e+01
1.964771254887015672e+01
2.077053559222746060e+01
2.179881516178489065e+01
2.287704220993633797e+01
2.387928943935240866e+01
2.495598207976881611e+01
2.590157826312423239e+01
2.683708386578226879e+01
2.785997968342892506e+01
2.885495703981464644e+01
2.975723820769066563e+01
3.063692363291566778e+01
3.147756526357152396e+01
3.223655396933862249e+01
3.297946310346318199e+01
3.367153909645264775e+01
3.434883666542165770e+01
3.508502473302093705e+01
3.577356160508474403e+01
3.646720037391483515e+01
3.704824027383417473e+01
3.764299424775624914e+01
3.808650261093649902e+01
3.859195980039822160e+01
3.898079185443850747e+01
3.933582106829350522e+01
3.973653401750966907e+01
4.002146879449210104e+01
4.023131062713443384e+01
4.043268263058855894e+01
4.063313403773420873e+01
4.072503703842248513e+01
4.076800656624403985e+01
4.117647744663749876e+01
4.129282873548450539e+01
4.117880659123360942e+01
4.095469480492099024e+01
4.064569625736342573e+01
4.026569600500341295e+01
3.979450942607861919e+01
3.940049596693678780e+01
3.882142819661299171e+01
3.836075273758788740e+01
3.777216932058032484e+01
3.711368876196045363e+01
3.646488453279149411e+01
3.577757359196774445e+01
3.510459615533722655e+01
3.446222239796871634e+01
3.381462475270033252e+01
3.310905231319094355e+01
3.238128846075320411e+01
3.168946116360254450e+01
3.082994836595766586e+01
2.987233692675717123e+01
2.914453564975536892e+01
2.833662006364836117e+01
2.753017155486204715e+01
2.651495238081913897e+01
2.542760799735751931e+01
2.412505824224759010e+01
2.268523210770243281e+01
2.096992761409039474e+01
1.923514042712096384e+01
1.724597824399181789e+01
1.514815318653259624e+01
1.284985858033781270e+01
1.040801609909160774e+01
7.857331675807365912e+00
5.335800322674576712e+00
2.911085408001063524e+00
6.386382898878548708e-01
0.000000000000000000e+00
0.000000000000000000e+00
0.000000000000000000e+00
0.000000000000000000e+00
0.000000000000000000e+00
0.000000000000000000e+00
0.000000000000000000e+00
0.000000000000000000e+00
0.000000000000000000e+00
0.000000000000000000e+00
0.000000000000000000e+00
0.000000000000000000e+00
1.164731990925405247e+00
3.171031886914497555e+00
5.196736605238210238e+00
7.265740415221168647e+00
9.310470615823518870e+00
1.131598746222175933e+01
1.330147184558981444e+01
1.528348468107915359e+01
1.717838363696121107e+01
1.905426691297391883e+01
2.083162714893077805e+01
2.254435654079375340e+01
2.418285968792000062e+01
2.581094605120133068e+01
2.730487507665988645e+01
2.876354581603050065e+01
3.005817236252123337e+01
3.125316227027261817e+01
3.230570837259002559e+01
3.324548480514359738e+01
3.404142439160940370e+01
3.478459781990304123e+01
3.536637115965530853e+01
3.595286172353106480e+01
3.641051872440615256e+01
3.683013603104827638e+01
3.712810093573667558e+01
3.736826500958856911e+01
3.754226033346071745e+01
3.767299410806089099e+01
3.772884362625080001e+01
3.773212974347450910e+01
3.769152378051639829e+01
3.756915472525219712e+01
3.736527044669963260e+01
3.708015771388446780e+01
3.668346973974651348e+01
3.621301894472045291e+01
3.560316179105573298e+01
3.492125510449330505e+01
3.414254364984449097e+01
3.332407108318138711e+01
3.245975873470131745e+01
3.164852082758840979e+01
3.082899017893869598e+01
3.014996957337990224e+01
2.954744318728610608e+01
2.913264461019286600e+01
2.883248794791538216e+01
2.875272563317972896e+01
2.872845230884748347e+01
2.883151871986221693e+01
2.891946186160951271e+01
2.900519583986438477e+01
2.894620394842463185e+01
2.874085803912673853e+01
2.822532455444134314e+01
2.745346162919690869e+01
2.631975790017213512e+01
2.489133819618058752e+01
2.318690983099786962e+01
2.136230965805636473e+01
1.948420937301946410e+01
1.767920623958834980e+01
1.606864693587033344e+01
1.480676370746139803e+01
1.387200798294333026e+01
1.332438120240431800e+01
1.310505370931024949e+01
1.327940370989078644e+01
1.375959550381803176e+01
1.450869137984668455e+01
1.545890845503375388e+01
1.664173408720943925e+01
1.785286472101536148e+01
1.914688259816563587e+01
2.040108251761724389e+01
2.168292983622322367e+01
2.289404474173682047e+01
2.412011595749484627e+01
2.529038609800508652e+01
2.649889885724147831e+01
2.761056765626817722e+01
2.878330400332673378e+01
2.983895910728307044e+01
3.085536736321162365e+01
3.178690006756720265e+01
3.274365846597915919e+01
3.365038326740039309e+01
3.452438574636430957e+01
3.532326638960045528e+01
3.615362941170257471e+01
3.689287466676902483e+01
3.754307208144737018e+01
3.823409685492647725e+01
3.896402286619914435e+01
3.952029714345081857e+01
4.012218799298272387e+01
4.062373018972541416e+01
4.129946558665306355e+01
4.169071516670747712e+01
4.201906160221096798e+01
4.235140383009884602e+01
4.254610795508298082e+01
4.296704306907444959e+01
4.338135596861567933e+01
4.376258596081726893e+01
4.397925617309446977e+01
4.409505811385555063e+01
4.409319835908776497e+01
4.406917154858464869e+01
4.399443668266390262e+01
4.388814079646349597e+01
4.370019799701357499e+01
4.341986199478067476e+01
4.310221836299359666e+01
4.272790115266414546e+01
4.236500168116863563e+01
4.190044069267276683e+01
4.134455750590784362e+01
4.065837039731896141e+01
3.993742953804441953e+01
3.910746574956218069e+01
3.829234774496185167e+01
3.737917153025184547e+01
3.635064101708751849e+01
3.513117161767749508e+01
3.422732721636729991e+01
3.321158810474968703e+01
3.235745656940805759e+01
3.144009891892626030e+01
3.052562410561501594e+01
2.956151346346935327e+01
2.860035782719775455e+01
2.757302493499842910e+01
2.646973185458661604e+01
2.519679503554032607e+01
2.385206373232806243e+01
2.219533390781681703e+01
2.028391248107127609e+01
1.842369904957243065e+01
1.634150782300909199e+01
1.421416122123168968e+01
1.199044629506512649e+01
9.688335788795829018e+00
7.308506915296743678e+00
4.993232087277632125e+00
2.769317667196260491e+00
5.574388716971822033e-01
0.000000000000000000e+00
0.000000000000000000e+00
0.000000000000000000e+00
0.000000000000000000e+00
0.000000000000000000e+00
0.000000000000000000e+00
0.000000000000000000e+00
0.000000000000000000e+00
0.000000000000000000e+00
0.000000000000000000e+00
0.000000000000000000e+00
0.000000000000000000e+00
0.000000000000000000e+00
0.000000000000000000e+00
1.494298370258355435e+00
3.235314172711444058e+00
5.024698511063585116e+00
6.846601018697116459e+00
8.685376810265839964e+00
1.049363616170127500e+01
1.234381475960874042e+01
1.410575541168162594e+01
1.590348140290086043e+01
1.754607370422708001e+01
1.919976181943159688e+01
2.070665041141268503e+01
2.214333741026646507e+01
2.345016882191560015e+01
2.460858233901496916e+01
2.567894307566204759e+01
2.669557170599152940e+01
2.757084112467498116e+01
2.842238928621348748e+01
2.916719888103317260e+01
2.986799064342275756e+01
3.047703156929616242e+01
3.103546139639033896e+01
3.152193354172169393e+01
3.197474537106314330e+01
3.234664110746022203e+01
3.266379215831625515e+01
3.290563727260224880e+01
3.310450451626686430e+01
3.323729038365160449e+01
3.335773181326091930e+01
3.339745417646167880e+01
3.343025805350904278e+01
3.337023625201431543e+01
3.328963868421567440e+01
3.312110214677238673e+01
3.292718129345628597e+01
3.264942362375559526e+01
3.235215470495896284e+01
3.198155525946167543e+01
3.161578490663375973e+01
3.118897911296889447e+01
3.079587571603084584e+01
3.036178120309192252e+01
2.997346365046649552e+01
2.958111340410646051e+01
2.927463438275114171e+01
2.900578632159029269e+01
2.886225490029721286e+01
2.878118744922127803e+01
2.883217167708926354e+01
2.894977857188420955e+01
2.917412693119977263e+01
2.946003492480388886e+01
2.978926207886248179e+01
3.005327197376128723e+01
3.022069803679782041e+01
3.020972771392669642e+01
2.996711045894301861e+01
2.934792212313003290e+01
2.831516645743872829e+01
2.693304660874812839e+01
2.515304158893978936e+01
2.310130391755805590e+01
2.089932460217528387e+01
1.868805463320743954e+01
1.668710668792855145e+01
1.485015961357884606e+01
1.343357660780084295e+01
1.235867683394132044e+01
1.175869926510389440e+01
1.158225501749987352e+01
1.177377803979681303e+01
1.230264374254860194e+01
1.317292212999736378e+01
1.422556532242442806e+01
1.548415465599326346e+01
1.675516610087434444e+01
1.812887508753832932e+01
1.945082221040215842e+01
2.084669223920948866e+01
2.211955468261050584e+01
2.341184614529265318e+01
2.464989951328253426e+01
2.587533973188167380e+01
2.702136073987266229e+01
2.810065537209627706e+01
2.913519770699287648e+01
3.013596677659638345e+01
3.110609766155294764e+01
3.210975650679419147e+01
3.299713073996439761e+01
3.392057045703050022e+01
3.477004553683612897e+01
3.558301542646186277e+01
3.632854788389775536e+01
3.713576785064065433e+01
3.777727179499867560e+01
3.845242213240242535e+01
3.902789177955610000e+01
3.961750488371838230e+01
4.019561258520157310e+01
4.076031851884037138e+01
4.131839692754615356e+01
4.177884187820114903e+01
4.213031942511119610e+01
4.245953224589299424e+01
4.281253530595118661e+01
4.315313985343869518e+01
4.384431074155243380e+01
4.414228549643901545e+01
4.431169250843279883e+01
4.449361716540665412e+01
4.464752013705810185e+01
4.473081186852792257e+01
4.477198722667474584e+01
4.465089629185660414e+01
4.449438372538671871e+01
4.425450003915860009e+01
4.394607370503319999e+01
4.358515108952941830e+01
4.321546750334650255e+01
4.274615114763734880e+01
4.218571961921910685e+01
4.151712997469402922e+01
4.090649611046080025e+01
4.032622002793928573e+01
3.959745780828685469e+01
3.886608941774603210e+01
3.792319853798539242e+01
3.704291138156531815e+01
3.621726985920462738e+01
3.528504221761238568e+01
3.435480784058210446e+01
3.331358307025616483e+01
3.225159690333851614e+01
3.122636924766428734e+01
3.007815436929708142e+01
2.881779142838945518e+01
2.740431874750810337e+01
2.576307608870244081e+01
2.389022646214436918e+01
2.185253352179879016e+01
1.955130058388595771e+01
1.717839752855369895e+01
1.462964249558573115e+01
1.190368527640321084e+01
9.222877812157543431e+00
6.638208080455483717e+00
3.720709106649346509e+00
1.438349090793390239e+00
0.000000000000000000e+00
0.000000000000000000e+00
0.000000000000000000e+00
0.000000000000000000e+00
0.000000000000000000e+00
0.000000000000000000e+00
0.000000000000000000e+00
0.000000000000000000e+00
0.000000000000000000e+00
0.000000000000000000e+00
0.000000000000000000e+00
0.000000000000000000e+00
0.000000000000000000e+00
0.000000000000000000e+00
3.482203206037511878e-01
1.892107087137120836e+00
3.457233391826382451e+00
5.152152337056873144e+00
6.860138960024151800e+00
8.677099218328795160e+00
1.046818575483430891e+01
1.232331745543260482e+01
1.412254644856611918e+01
1.592313107304158848e+01
1.763677380997567568e+01
1.925202075470171792e+01
2.080554300748887897e+01
2.226691320046386480e+01
2.362350060004183305e+01
2.489914760049585141e+01
2.605233970978267166e+01
2.710533153262348449e+01
2.806226404625511606e+01
2.892654158390435271e+01
2.972304607464316817e+01
3.043928169062661127e+01
3.107157149693362186e+01
3.165001778110413966e+01
3.213744719669997352e+01
3.259280219723606820e+01
3.295800789563455879e+01
3.328748862459633528e+01
3.351542020836598823e+01
3.369946700093857572e+01
3.378869773232100471e+01
3.384416591726952817e+01
3.380113572461934268e+01
3.372626628596512433e+01
3.354724358160020614e+01
3.337838464201112032e+01
3.310737705187707292e+01
3.286011113266489048e+01
3.254324896526362920e+01
3.225792140688235321e+01
3.191370613447290339e+01
3.163924962024536924e+01
3.131893329537413706e+01
3.110883048212744484e+01
3.087122034529127745e+01
3.070789548163866911e+01
3.055359189898247863e+01
3.047295280201793233e+01
3.042614262047938212e+01
3.047406146287839590e+01
3.055688192712934281e+01
3.068131379650267476e+01
3.080910394229201188e+01
3.087135961573981291e+01
3.081051781939904188e+01
3.056000710922080543e+01
3.006728730005553629e+01
2.933100038427810574e+01
2.826478261947745096e+01
2.695784468261922129e+01
2.538270619179620269e+01
2.367947796901687951e+01
2.187528496953101254e+01
2.010919545940522468e+01
1.852902011951802308e+01
1.716860411810167619e+01
1.605178588202329237e+01
1.524432638948189300e+01
1.471357700521817335e+01
1.450704766483884534e+01
1.452109337276520584e+01
1.475248876850263891e+01
1.513231385340276169e+01
1.575322071415685343e+01
1.644315234716873775e+01
1.729081849871138488e+01
1.819122750130551935e+01
1.915017670990219401e+01
2.015089440203211524e+01
2.117524421146366365e+01
2.222180883255124684e+01
2.327657876346484400e+01
2.434133082432725814e+01
2.541718782030344670e+01
2.640622395891924867e+01
2.744590825817890689e+01
2.841424858816911936e+01
2.942407730094087270e+01
3.039421359110826515e+01
3.138380291675198919e+01
3.224680852921741092e+01
3.307876632993627908e+01
3.387763518973707022e+01
3.467507893155190146e+01
3.537823307638250725e+01
3.603496279144089698e+01
3.668869416635958913e+01
3.734652662546340451e+01
3.792267383945785042e+01
3.848920517411156794e+01
3.900681783205518371e+01
3.953197556877975671e+01
3.999376632330817927e+01
4.044162486802500922e+01
4.082863385588180449e+01
4.124150492526463552e+01
4.166460581738468250e+01
4.231838606592857843e+01
4.280409800477846716e+01
4.347465367952787574e+01
4.385052537631395353e+01
4.422698276230890002e+01
4.447048009516939970e+01
4.467831470062686350e+01
4.507947832837847102e+01
4.587964937461492809e+01
4.610468127768517377e+01
4.649783032297001029e+01
4.651505880635378531e+01
4.651670161698971384e+01
4.678245991962305084e+01
4.672748676762356013e+01
4.647245642714536729e+01
4.614464185008310437e+01
4.584239687186249768e+01
4.544164330521783057e+01
4.497758215849996333e+01
4.431143681261557532e+01
4.369358640779964276e+01
4.281098031549029770e+01
4.208567193801786743e+01
4.125271614175704826e+01
4.048810408807928951e+01
3.966882653545860649e+01
3.866874293353111369e+01
3.733225910048891905e+01
3.600536307498986588e+01
3.449224141482292794e+01
3.292336035553266527e+01
3.134773504387909071e+01
2.882847637953734932e+01
2.650626538217960260e+01
2.409625025938774456e+01
2.154312722407235370e+01
1.872165026540059785e+01
1.558312077334691992e+01
1.245938762787090504e+01
9.482845455119985445e+00
6.488419764691255587e+00
3.828224175098049020e+00
1.424120292933184873e+00
0.000000000000000000e+00
0.000000000000000000e+00
0.000000000000000000e+00
0.000000000000000000e+00
0.000000000000000000e+00
0.000000000000000000e+00
0.000000000000000000e+00
0.000000000000000000e+00
0.000000000000000000e+00
0.000000000000000000e+00
0.000000000000000000e+00
0.000000000000000000e+00
3.567760192065830838e-01
1.881803102073589917e+00
3.611882092052046467e+00
5.378269167221453984e+00
7.296620496026974045e+00
9.181086302651610964e+00
1.122318473387079685e+01
1.324012138612221889e+01
1.531840135575276207e+01
1.734158515594894467e+01
1.934676556729587205e+01
2.125796100068470906e+01
2.308097672272913670e+01
2.475709089816526998e+01
2.632492425654352886e+01
2.771202904080421092e+01
2.900455184363515571e+01
3.014389662874399534e+01
3.119098882716733101e+01
3.210415512506054370e+01
3.292826588166221313e+01
3.362585519880729379e+01
3.426523636481056201e+01
3.479640335585205690e+01
3.527796538274407823e+01
3.567919939959634945e+01
3.602722281356862766e+01
3.625900083078860092e+01
3.647415878775480280e+01
3.650592714557787843e+01
3.649286643656162710e+01
3.634522250858300652e+01
3.609086951008238486e+01
3.568904455172090451e+01
3.516849989011863897e+01
3.451181035496161087e+01
3.382488976630747146e+01
3.301170154385290800e+01
3.220743344376412409e+01
3.136958032746359493e+01
3.061415311759617452e+01
2.993094514501694903e+01
2.938953808876015827e+01
2.897985551761462375e+01
2.875522565403534969e+01
2.865058580324425819e+01
2.872374640141347868e+01
2.881645671635149597e+01
2.890076574410862875e+01
2.894781323985572641e+01
2.887389300152012339e+01
2.851348297793536091e+01
2.794666327377343151e+01
2.706615251906241681e+01
2.597093515734956881e+01
2.462463872452724445e+01
2.311213721671724386e+01
2.151332973867107867e+01
2.003994481076234990e+01
1.869975990500865848e+01
1.761188255409000547e+01
1.676368479632521868e+01
1.629120371558424551e+01
1.609593128545804319e+01
1.613881003628305066e+01
1.643448101880807855e+01
1.695002276632678928e+01
1.770240858150624419e+01
1.860740223600630827e+01
1.964946388340546690e+01
2.084467076829895049e+01
2.211877399251041254e+01
2.349687754248946447e+01
2.487523570626283842e+01
2.628538784541859741e+01
2.769695300167949981e+01
2.910669903157543104e+01
3.044850624183219168e+01
3.185610424171457211e+01
3.310490763432962780e+01
3.444804550547132038e+01
3.570859523307552763e+01
3.701181542178405692e+01
3.814916131586009840e+01
3.925984358731596302e+01
4.037164387619137074e+01
4.137764786909061598e+01
4.232804760693508683e+01
4.317862855501385866e+01
4.401573197272089288e+01
4.476829060582133479e+01
4.548238798199524524e+01
4.624945806034984486e+01
4.693750866726737314e+01
4.755051888561883544e+01
4.810970330494139091e+01
4.869353543814980867e+01
4.923382819633428653e+01
4.967037008347841720e+01
5.010114943680947874e+01
5.036847270841633417e+01
5.055857740787104149e+01
5.076510899887994555e+01
5.084602411050492776e+01
5.100696745333132753e+01
5.086024048964814170e+01
5.095846978751006162e+01
5.094500840130476149e+01
5.083187358704210368e+01
5.072701270873457702e+01
5.029367208203592554e+01
4.978630429424535464e+01
4.917543756351443562e+01
4.850672679174700619e+01
4.780773230905717952e+01
4.721717286511228906e+01
4.626421179249211946e+01
4.524302002214006535e+01
4.419473732699950119e+01
4.291596623695903645e+01
4.189805510065325223e+01
4.077655488784043314e+01
3.951937580527168592e+01
3.803076335781507566e+01
3.640846881720742090e+01
3.477650649580614584e+01
3.300489374065207215e+01
3.093978064446464060e+01
2.896085790405057026e+01
2.664351178548166743e+01
2.452033854974027705e+01
2.233037160739906213e+01
2.002027826962055457e+01
1.760960635354933856e+01
1.513583728635947345e+01
1.227988369007796088e+01
9.787055351441647844e+00
7.254027000174783524e+00
4.693541810433915273e+00
2.296177977406888449e+00
0.000000000000000000e+00
0.000000000000000000e+00
0.000000000000000000e+00
0.000000000000000000e+00
0.000000000000000000e+00
0.000000000000000000e+00
0.000000000000000000e+00
0.000000000000000000e+00
0.000000000000000000e+00
0.000000000000000000e+00
0.000000000000000000e+00
0.000000000000000000e+00
0.000000000000000000e+00
0.000000000000000000e+00
0.000000000000000000e+00
0.000000000000000000e+00
0.000000000000000000e+00
1.173532460640273056e+00
3.278726976027783735e+00
5.448670741002497486e+00
7.766700308196528013e+00
1.010999407532231587e+01
1.247047280679699810e+01
1.476408878580036621e+01
1.704955971303357387e+01
1.923673355665584950e+01
2.136419332721339259e+01
2.336671814119683788e+01
2.518687057811648700e+01
2.684167323631513113e+01
2.828574307734239213e+01
2.950319374748591628e+01
3.059929306821362616e+01
3.147928682302364933e+01
3.225606823675052226e+01
3.286712668877295584e+01
3.341076024362236296e+01
3.384551993262551406e+01
3.421754728431550063e+01
3.447599672352075828e+01
3.471417288718088656e+01
3.488640419626467093e+01
3.505398523559301793e+01
3.511614145579466140e+01
3.516843505238096412e+01
3.514054374124610547e+01
3.508418838437707876e+01
3.491394733524185057e+01
3.470781629868954354e+01
3.438723457447196097e+01
3.401141779858055259e+01
3.351091919922444617e+01
3.298001546510681692e+01
3.232968031253155061e+01
3.166383149738307523e+01
3.093599701797282009e+01
3.021876109227276430e+01
2.948989932625309152e+01
2.880782812218659572e+01
2.817871792993463131e+01
2.767413325588618989e+01
2.723191223401471106e+01
2.696398050258824952e+01
2.681471237722585954e+01
2.686565438665229166e+01
2.701476610924126476e+01
2.734949042112413764e+01
2.771427544985829172e+01
2.821170081082516390e+01
2.868951432310223737e+01
2.916885222786202903e+01
2.947297235791206305e+01
2.959383021591319363e+01
2.938209745848711307e+01
2.894778173158371359e+01
2.813569997713887716e+01
2.690542438595501906e+01
2.540188771266535639e+01
2.360262581175020813e+01
2.177974702408886643e+01
1.982307667321225253e+01
1.792744831107880188e+01
1.628531728261049594e+01
1.494894051535125712e+01
1.401952059175661702e+01
1.347659049739230674e+01
1.338075748479113614e+01
1.364913169450404951e+01
1.421902496392164039e+01
1.504747065782233761e+01
1.610476188007367426e+01
1.729231697777236576e+01
1.857596761828722620e+01
1.989997174385830903e+01
2.123142759217864750e+01
2.242478135327423061e+01
2.371495827935816081e+01
2.487550325901010595e+01
2.607058016706938730e+01
2.715594835126904627e+01
2.821679113045268750e+01
2.933993837176568675e+01
3.041792677087483554e+01
3.145375397278142060e+01
3.246744398850065494e+01
3.346143210343590368e+01
3.445353325722537363e+01
3.527702898824981048e+01
3.616673721525637575e+01
3.698751410897192926e+01
3.787812897144044655e+01
3.869851146906347594e+01
3.938785068071840101e+01
4.003638232643283601e+01
4.067449051881569488e+01
4.127061834355207992e+01
4.182563649694063201e+01
4.233101919372793986e+01
4.277718796729045181e+01
4.314284797528520699e+01
4.354125664825756559e+01
4.389380541704620953e+01
4.418338879767610905e+01
4.450215917037857594e+01
4.477050613891326947e+01
4.487817046305733015e+01
4.490070294914995230e+01
4.484290794046788164e+01
4.508260780618467578e+01
4.506264555219443224e+01
4.482118528301727878e+01
4.466531257517650033e+01
4.430583350286006095e+01
4.401727605890416584e+01
4.367980603134341067e+01
4.334069221326873844e+01
4.280797371484157310e+01
4.225099618402257562e+01
4.166086978917675765e+01
4.082695953881179207e+01
3.991218216494718263e+01
3.912972534854267792e+01
3.825322387379355149e+01
3.740836463814854085e+01
3.643600969058468309e+01
3.542453684704049266e+01
3.449761298933435683e+01
3.363778073779831601e+01
3.261907067151846462e+01
3.142235357122116923e+01
3.037955113024369780e+01
2.922185706650063253e+01
2.802911621907795237e+01
2.673382196976453073e+01
2.506557628478335786e+01
2.326551324838410650e+01
2.136167505369201791e+01
1.907454242373863096e+01
1.670224040411370581e+01
1.423525510967906627e+01
1.174648888671349667e+01
9.086791978157776839e+00
6.149627422334249971e+00
3.413781983458327840e+00
7.025992536490222040e-01
0.000000000000000000e+00
0.000000000000000000e+00
0.000000000000000000e+00
0.000000000000000000e+00
0.000000000000000000e+00
0.000000000000000000e+00
0.000000000000000000e+00
0.000000000000000000e+00
0.000000000000000000e+00
0.000000000000000000e+00
0.000000000000000000e+00
0.000000000000000000e+00
0.000000000000000000e+00
0.000000000000000000e+00
0.000000000000000000e+00
4.477600495648086376e-01
2.490730134135044960e+00
4.586782408621336238e+00
6.729480314570956523e+00
8.939329561624298037e+00
1.119299937295509650e+01
1.345352099543699786e+01
1.568139629245394318e+01
1.787350046855148378e+01
1.995493459363581223e+01
2.195602999326872862e+01
2.384064155494555592e+01
2.558516983696138780e+01
2.714082333523671764e+01
2.862040406390448410e+01
2.991501776220108866e+01
3.120057404339783247e+01
3.236688602972370177e+01
3.346086795346620590e+01
3.443693214097731214e+01
3.536981265341191971e+01
3.616138561170367183e+01
3.690507280109400057e+01
3.761933079539684144e+01
3.829723243935317356e+01
3.893497456422442582e+01
3.929559838832521734e+01
3.947928381397989028e+01
3.943042079746922468e+01
3.920515122166010258e+01
3.878010632831413318e+01
3.812274362623536916e+01
3.733460463410445840e+01
3.633042842533589578e+01
3.524027225239517236e+01
3.400894448741234299e+01
3.276091238626820257e+01
3.148570417782586617e+01
3.031624959730722324e+01
2.925710336407411205e+01
2.836314851312373264e+01
2.766502054460568161e+01
2.719988844138180895e+01
2.694690425977855952e+01
2.685839607247306304e+01
2.669626200213264866e+01
2.695123896290555976e+01
2.713817059029155132e+01
2.747739377032715424e+01
2.761208347175160327e+01
2.767451431681472229e+01
2.736399675120989272e+01
2.674933571339746763e+01
2.574673174952373245e+01
2.438560547164163950e+01
2.272363592029206814e+01
2.089228199194056046e+01
1.896968001299824991e+01
1.713328723564784184e+01
1.544208364980776338e+01
1.410943983027797799e+01
1.310285096799986526e+01
1.256356420007444541e+01
1.237217020081254759e+01
1.257364632664720716e+01
1.309546336251088761e+01
1.391588075966635429e+01
1.497727686846392992e+01
1.609080770424942841e+01
1.734312129016789328e+01
1.861968081164263467e+01
1.991955922462463136e+01
2.126616780898496373e+01
2.259096723657119909e+01
2.392085164126217478e+01
2.521920989905996180e+01
2.645773708790531487e+01
2.769383376326876700e+01
2.888032905940961825e+01
3.002617530957422787e+01
3.117478020993506860e+01
3.230054724231668217e+01
3.337416576889904007e+01
3.437735090937738391e+01
3.532715465595275361e+01
3.621113842606341393e+01
3.707663395908752335e+01
3.790028386991900078e+01
3.875836872889215101e+01
3.964201020768218342e+01
4.043485532365886570e+01
4.111206848273725711e+01
4.179344118645181538e+01
4.236153779738300074e+01
4.291044764028671921e+01
4.348755709416012394e+01
4.401827158623297720e+01
4.446739655328959628e+01
4.483167871564805296e+01
4.509194699392092076e+01
4.534749863193651009e+01
4.548686971866738560e+01
4.565941289334234199e+01
4.574381757964002304e+01
4.600058623499448629e+01
4.612606857523844894e+01
4.620962309223619968e+01
4.628200126642991563e+01
4.641545920733161523e+01
4.649885194937547084e+01
4.629763138273631284e+01
4.610232980343064924e+01
4.582120374918522288e+01
4.553664703792696855e+01
4.522318117373987434e+01
4.474283605479324422e+01
4.422522591750565368e+01
4.356760016763692533e+01
4.284667278692523951e+01
4.208445405768205916e+01
4.133496370626855310e+01
4.057531626996861007e+01
3.967656465141615030e+01
3.883718366921761600e+01
3.804352500193246556e+01
3.700251307310664117e+01
3.603382811902550742e+01
3.498886526248610096e+01
3.388092712656482774e+01
3.247561239264576471e+01
3.135984630209080848e+01
3.013409843149716494e+01
2.878933682513035208e+01
2.727955292572916690e+01
2.557037077438865680e+01
2.358243453273952639e+01
2.148557897243830439e+01
1.919559439170289394e+01
1.682878936861059671e+01
1.434416982955141862e+01
1.165494323529116549e+01
8.924225646878943152e+00
6.334913109271827381e+00
3.805489520226165823e+00
1.341195668045410461e+00
0.000000000000000000e+00
0.000000000000000000e+00
0.000000000000000000e+00
0.000000000000000000e+00
0.000000000000000000e+00
0.000000000000000000e+00
0.000000000000000000e+00
0.000000000000000000e+00
0.000000000000000000e+00
0.000000000000000000e+00
0.000000000000000000e+00
0.000000000000000000e+00
0.000000000000000000e+00
5.582798372813849719e-01
2.108499435394257659e+00
3.759001493968181506e+00
5.448821352149810338e+00
7.192152178935195650e+00
8.933967222229162175e+00
1.071376803327125948e+01
1.247083073387932473e+01
1.423950776662914564e+01
1.596710305348690362e+01
1.767377319466380570e+01
1.930782817783727623e+01
2.088996724044615050e+01
2.235828238741049745e+01
2.376933296802886275e+01
2.503445657174081873e+01
2.623869529388607802e+01
2.729070570624456948e+01
2.827293319671346339e+01
2.914611993123630995e+01
2.994370950600105274e+01
3.063223429687677779e+01
3.125896079599586130e+01
3.176487552189142605e+01
3.223304304925832042e+01
3.258482210956793068e+01
3.291279948277315270e+01
3.314044876311305643e+01
3.335746646835904983e+01
3.350646327980891925e+01
3.362329380356571562e+01
3.366492324072506648e+01
3.368113852243927653e+01
3.360143423316650768e+01
3.347628460515282711e+01
3.325407748565496036e+01
3.295622981331786860e+01
3.253686409268596691e+01
3.206334112360592314e+01
3.148745470083689568e+01
3.085806216945511693e+01
3.013546476957719733e+01
2.940473362016114223e+01
2.865364791532767441e+01
2.794422495110389448e+01
2.727840588351704909e+01
2.670592240048944177e+01
2.626541087842237232e+01
2.597529122124858247e+01
2.583633586679880523e+01
2.586814493902423351e+01
2.601048828431433080e+01
2.626280639337871037e+01
2.652045797744826316e+01
2.677465973277517719e+01
2.690026129003126343e+01
2.686819861401916398e+01
2.665195651804361887e+01
2.603054449785697955e+01
2.504161548748230359e+01
2.376729709792728684e+01
2.222322463656624336e+01
2.056766303197939294e+01
1.883130626416435405e+01
1.724069448358009637e+01
1.576268340607016150e+01
1.463276336078278739e+01
1.375209894693576906e+01
1.324469906987210699e+01
1.312462275341719220e+01
1.321813422128327176e+01
1.359565311879963900e+01
1.421016352934168836e+01
1.503043519685528828e+01
1.597656926452448545e+01
1.701241963385393063e+01
1.814252008600042387e+01
1.918292980890095478e+01
2.034475446580618296e+01
2.151705320151155121e+01
2.270900712186618975e+01
2.383354675506494402e+01
2.494313384324737726e+01
2.602057139266817387e+01
2.705146934916198376e+01
2.802335294511817665e+01
2.898238003976538479e+01
2.991144172055049921e+01
3.083463170141345699e+01
3.158552581519448665e+01
3.238318795718237908e+01
3.315956743054732669e+01
3.393170517200862690e+01
3.471476454486143126e+01
3.539400861189756142e+01
3.610655993322495050e+01
3.671951963742553460e+01
3.725002993652520189e+01
3.777769526872405947e+01
3.823322147766307211e+01
3.898316219844708286e+01
3.947368124862370564e+01
3.984707152963873966e+01
4.017157531366940049e+01
4.045897162366986777e+01
4.078879305091635388e+01
4.128370210151591380e+01
4.165013449647941002e+01
4.203946843195524252e+01
4.226370172458643992e+01
4.245552000991278874e+01
4.258691995772803551e+01
4.272488156187916530e+01
4.277931945692975546e+01
4.282637591543570466e+01
4.273956851394729028e+01
4.285216868171007576e+01
4.275114781682540155e+01
4.247859467993858118e+01
4.216177728200315755e+01
4.161536632974875971e+01
4.110117945690835484e+01
4.060104895040993256e+01
4.007166322911739087e+01
3.952055794588115134e+01
3.889089538255672096e+01
3.824481918380995182e+01
3.741371543504622110e+01
3.676187457276522963e+01
3.605210717490680139e+01
3.540690109066195390e+01
3.476064587144359308e+01
3.415948996270170568e+01
3.337652563290820495e+01
3.264609959836376873e+01
3.193836785782115228e+01
3.073635028155082694e+01
2.971260473964913018e+01
2.848613754820543775e+01
2.723105503429155405e+01
2.566103776620600740e+01
2.393195529034577618e+01
2.192887442307511847e+01
1.957677801168399867e+01
1.705814205352579904e+01
1.435765709089453779e+01
1.159392894488481218e+01
8.829374624397315685e+00
6.053150045483909558e+00
3.565561450992922321e+00
1.246597871867842988e+00
0.000000000000000000e+00
0.000000000000000000e+00
0.000000000000000000e+00
0.000000000000000000e+00
0.000000000000000000e+00
0.000000000000000000e+00
0.000000000000000000e+00
0.000000000000000000e+00
0.000000000000000000e+00
0.000000000000000000e+00
0.000000000000000000e+00
7.820079174091447705e-01
2.437526554964007275e+00
4.248438264345135273e+00
6.158382308822979212e+00
8.203915182767911318e+00
1.031095854216022367e+01
1.246747524507824778e+01
1.462647134531904491e+01
1.674555099736278052e+01
1.874843837489525100e+01
2.071299967441062861e+01
2.248660485550658450e+01
2.420761397319671460e+01
2.571337419944304870e+01
2.714151217073112576e+01
2.837209820500002166e+01
2.953319249796879831e+01
3.052792548884271540e+01
3.146696110795010881e+01
3.229617139790808267e+01
3.305689108905772144e+01
3.373250252846627006e+01
3.435931043238996807e+01
3.490969239111282008e+01
3.540389886395470143e+01
3.587424962511170179e+01
3.626790712550342022e+01
3.649402400533492141e+01
3.668851407297301392e+01
3.671119053822483380e+01
3.671059806203770393e+01
3.652853875133791917e+01
3.625808169084088206e+01
3.584490698405283382e+01
3.528389539633518979e+01
3.455506653277075912e+01
3.373852451576039613e+01
3.280745429383107847e+01
3.183757449474304835e+01
3.082098239054690936e+01
2.987012525548080077e+01
2.895824595296930681e+01
2.820673862008305832e+01
2.756182850735808643e+01
2.714881865428217367e+01
2.679622298696565963e+01
2.673618917501342551e+01
2.682551344325180764e+01
2.711345816022266675e+01
2.743162004898255191e+01
2.775497928668324477e+01
2.793859908491529254e+01
2.800678019798429119e+01
2.771362532237278131e+01
2.720108916383783892e+01
2.630522293112190013e+01
2.507680706144433458e+01
2.346716369028426996e+01
2.170770487854657915e+01
1.981689833298928960e+01
1.791167837826109732e+01
1.614284583140704044e+01
1.462286476501989618e+01
1.345286260539375967e+01
1.267362283117061139e+01
1.229494199082821382e+01
1.232953560897546197e+01
1.271324148618420402e+01
1.337648174117541977e+01
1.425087438934797746e+01
1.538865335753192554e+01
1.665874743751430387e+01
1.795280618905227854e+01
1.931784826144870948e+01
2.062628433829068797e+01
2.188333710813195054e+01
2.315358097578808128e+01
2.437773491165336281e+01
2.557375892292586173e+01
2.673559552248026705e+01
2.787899806579693163e+01
2.900455556476966024e+01
3.004963533928459185e+01
3.108557562296617860e+01
3.202825695209276091e+01
3.294639723466067949e+01
3.381031828528531946e+01
3.458618956668015443e+01
3.534861719567108196e+01
3.611395852680063712e+01
3.688652717332305286e+01
3.759428607015319557e+01
3.821333865402883134e+01
3.877310117711241588e+01
3.931384675920065774e+01
3.984778491344176388e+01
4.041961559212251132e+01
4.120104151002998805e+01
4.175760313534448187e+01
4.212311420164157028e+01
4.240834410225843953e+01
4.259968550653385932e+01
4.285052449208181713e+01
4.311251980881397827e+01
4.341739965772840293e+01
4.402410305277300751e+01
4.450367997539126463e+01
4.467456401989022652e+01
4.460707261228880327e+01
4.450463508894824116e+01
4.435474180325704197e+01
4.407391814186537715e+01
4.378117689400741597e+01
4.343097463728579299e+01
4.308632149788084575e+01
4.270884728175717981e+01
4.242839886020534124e+01
4.178841958930622980e+01
4.122437973114708143e+01
4.050033773033184303e+01
3.981440268737420496e+01
3.919869607867550343e+01
3.864663450895204733e+01
3.788185977824536366e+01
3.719755149328070587e+01
3.606093188050757448e+01
3.503960911551973822e+01
3.398504723792566296e+01
3.317491373175629121e+01
3.235218803524730191e+01
3.149513575707258184e+01
3.063657679815554147e+01
2.974590961063318773e+01
2.878566256991484806e+01
2.776139761818616947e+01
2.648553524207634524e+01
2.508039449183634773e+01
2.343247629715333957e+01
2.170582492454456869e+01
1.982444837116796066e+01
1.777775154720879769e+01
1.549194896630872087e+01
1.269327445200412363e+01
1.018280982959152148e+01
7.223618864424641295e+00
4.557231808737554957e+00
2.102976272561412951e+00
0.000000000000000000e+00
0.000000000000000000e+00
0.000000000000000000e+00
0.000000000000000000e+00
0.000000000000000000e+00
0.000000000000000000e+00
0.000000000000000000e+00
0.000000000000000000e+00
0.000000000000000000e+00
0.000000000000000000e+00
0.000000000000000000e+00
0.000000000000000000e+00
0.000000000000000000e+00
0.000000000000000000e+00
7.554644434279662590e-01
2.590124654400414173e+00
4.473484363417454368e+00
6.382726550739469928e+00
8.260777697660918406e+00
1.013426813325280484e+01
1.193789720557138523e+01
1.380518828642945550e+01
1.564768322411036650e+01
1.745309228542810231e+01
1.921956555085620266e+01
2.086911269381651479e+01
2.243701657829238982e+01
2.390965889148822754e+01
2.525349905826458752e+01
2.650237124877062911e+01
2.763130624012635650e+01
2.868973895841860156e+01
2.959730409031489629e+01
3.047734889259143642e+01
3.127465297316181392e+01
3.200936470368290543e+01
3.265736704708766780e+01
3.322743541117205268e+01
3.372951438128000490e+01
3.414889725990754243e+01
3.448759632138701647e+01
3.475466420562922565e+01
3.489184976389595505e+01
3.498795060355009667e+01
3.498650818951912811e+01
3.489850854033704053e+01
3.467755045399027836e+01
3.439485673972824742e+01
3.398684769216385604e+01
3.353445333399228190e+01
3.295611135047974471e+01
3.233182508348465944e+01
3.163035065299769144e+01
3.090438840883112448e+01
3.012222168220435492e+01
2.939169233413607074e+01
2.867625336146175030e+01
2.804386946878098286e+01
2.746963318823372902e+01
2.701195620139846199e+01
2.663928061295820271e+01
2.642921914875283917e+01
2.632425878682893483e+01
2.641150705816578537e+01
2.653218780413847711e+01
2.683633147228292160e+01
2.719821989083962421e+01
2.756760416780367962e+01
2.784465026026659018e+01
2.799994198533340750e+01
2.793117967227850329e+01
2.760888533835722569e+01
2.700705891956018334e+01
2.604445777186942479e+01
2.478372001135626945e+01
2.324549987819933961e+01
2.152400534881159544e+01
1.975476111519346389e+01
1.805305890213547215e+01
1.657460098369854506e+01
1.539393373795579478e+01
1.451067291911537716e+01
1.400834933028532525e+01
1.387381686013538484e+01
1.411610357470910770e+01
1.460323481544406832e+01
1.533673403264057811e+01
1.628308820507302812e+01
1.738042108765869287e+01
1.854739761430444034e+01
1.976123980262037705e+01
2.100580928167677186e+01
2.219184652854390905e+01
2.340059886967566172e+01
2.456666643195316624e+01
2.576513028446208509e+01
2.689695848932249334e+01
2.803946711880589149e+01
2.915825131564207240e+01
3.020779240304497648e+01
3.123329035106175411e+01
3.221995262533652493e+01
3.315681877847219994e+01
