8.803223000000002685e+01
8.814166468725018433e+01
8.849866562757470945e+01
8.892329835688070716e+01
8.960683145117050685e+01
9.032243189354774415e+01
9.096018651680645917e+01
9.133580410696087881e+01
9.151777545862127283e+01
9.167762502650852241e+01
9.190938579750962845e+01
9.213824732635629289e+01
9.215280482713147592e+01
9.201714388285195412e+01
9.185581004536747685e+01
9.192355867851736662e+01
9.203779637309554573e+01
9.220181265348624322e+01
9.221777990534103253e+01
9.220234375567736151e+01
9.199638552792821145e+01
9.225230587387241599e+01
9.232038008752157054e+01
9.225407721379835380e+01
9.205713674009433589e+01
9.171151949846792206e+01
9.117588216223455788e+01
9.069203190454850017e+01
9.041138889770772380e+01
9.043957474828201271e+01
9.072330290523690621e+01
9.108634963053744116e+01
9.141360864933893993e+01
9.163919404157850579e+01
9.138741806924038258e+01
9.144775716977947866e+01
9.115970265350027546e+01
9.141402345362402571e+01
9.162772171309072178e+01
9.159515892726132336e+01
9.116387355662926950e+01
9.079936324934678282e+01
9.001775848455847040e+01
8.960795357308045084e+01
8.935870879948457457e+01
8.912391157272682563e+01
8.905761255658825348e+01
8.921547264875933081e+01
8.907179185159166934e+01
8.899334568484827912e+01
8.915572513425931334e+01
8.924627595014355563e+01
8.940458255849767966e+01
8.965866845951389053e+01
8.976676372531950676e+01
8.965695525509927677e+01
8.938106016512841734e+01
8.908672737078110515e+01
8.859237745800297148e+01
8.841420638705702117e+01
8.835370708936949313e+01
8.844317699134310828e+01
8.903694629268889571e+01
8.969464297561114563e+01
9.037106404050419428e+01
9.111349497968215871e+01
9.210805254349280347e+01
9.320290721609644891e+01
9.461082638880336049e+01
9.551929989477119420e+01
9.594086770884437954e+01
9.611481971146132253e+01
9.650072851266646978e+01
9.728425893787058953e+01
9.840874988060139117e+01
9.956351287670341321e+01
1.001366645582487394e+02
9.998932449360195562e+01
9.893863046020315721e+01
9.729668295367457631e+01
9.548578346689407681e+01
9.338836727104011004e+01
9.110853268210696854e+01
8.903731708102513664e+01
8.759288302843899032e+01
8.632884964383059412e+01
8.566291437592195734e+01
8.559513965894466025e+01
8.629739919734126374e+01
8.727457896238411195e+01
8.839876918267522399e+01
8.935927278731386991e+01
8.940421191020953984e+01
8.891464458917158709e+01
8.810657391845954578e+01
8.667919933590962955e+01
8.547011554638076802e+01
8.463674134461055587e+01
8.397281181895110080e+01
8.351339646438553643e+01
8.327181183544323062e+01
8.318369655464167067e+01
8.275567648436556567e+01
8.236094704276081302e+01
8.155913130948069067e+01
8.040490667632900568e+01
7.964493439996738289e+01
7.884157524560217212e+01
7.843018760794883804e+01
7.813754609991279665e+01
7.800554310070469910e+01
7.743617455066478783e+01
7.691852000399602218e+01
7.620849135517050854e+01
7.535990985021675215e+01
7.479718530474616500e+01
7.405700581071290856e+01
7.357375143605568724e+01
7.326353606175825917e+01
7.325349679073073617e+01
7.316496705498101960e+01
7.305312186120127649e+01
7.307921467119174963e+01
7.298652670190442393e+01
7.282050869657612679e+01
7.273693831492987272e+01
7.254186209901084226e+01
7.244884644670814566e+01
7.238328130962229068e+01
7.240976095030772797e+01
7.242521765555166269e+01
7.249118173391426012e+01
7.252722830163037315e+01
7.230983239253362171e+01
7.226293408808524532e+01
7.197257665826231232e+01
7.178574426660057384e+01
7.157062277290063435e+01
7.144725466018786619e+01
7.143171264764096406e+01
7.133281891215753490e+01
7.101188345595873841e+01
7.085009590186959372e+01
7.069514171753378662e+01
7.069852568169228846e+01
7.039560938130591694e+01
7.011776803265722435e+01
6.992437646859175970e+01
6.979191233558702834e+01
6.941445881806505724e+01
6.927262711255156091e+01
6.888188883951946195e+01
6.849840796798453368e+01
6.805814720461506795e+01
6.771002960853962804e+01
6.736660318813689230e+01
6.705437443938276942e+01
6.685048399484915649e+01
6.669629962315887894e+01
6.669683642357165354e+01
6.684281189846062432e+01
6.702504418477573722e+01
6.730510646850405010e+01
6.764287843946296164e+01
6.812782411942296790e+01
6.854461100338939161e+01
6.899882021628246775e+01
6.929407655474075511e+01
6.951374029329976167e+01
6.965147949468764921e+01
6.963096524127391262e+01
6.969183997313707835e+01
6.981119221817917264e+01
6.969307047061654714e+01
6.945374784126030931e+01
6.892411050105015136e+01
6.813334541676947254e+01
6.714847368711829745e+01
6.600773846769554609e+01
6.482601974648912346e+01
6.490140157752760786e+01
6.673828885559342439e+01
7.098986068546319927e+01
7.668837933001640295e+01
8.267680222399572187e+01
8.852533780703633681e+01
9.349384282425553749e+01
9.697969592999545796e+01
9.938823846040705234e+01
1.011275514010967527e+02
1.028418706645445297e+02
1.042704327025627720e+02
1.057677396698920944e+02
1.071139331154591616e+02
1.080937943733031972e+02
1.083575569555622167e+02
1.081839546136329915e+02
1.080457705752479995e+02
1.084153588167074531e+02
1.094233870908264947e+02
1.100880409650385303e+02
1.100698287995030569e+02
1.093601136742184678e+02
1.081794026443866414e+02
1.068978887756938860e+02
1.054687149244548152e+02
1.041495993190362128e+02
1.031006591430844566e+02
1.018374456783114823e+02
1.001497245490562591e+02
9.826319552969360416e+01
9.594482513048474459e+01
9.362511254146936324e+01
9.210090251908742687e+01
9.176720490241865491e+01
9.208931969255746708e+01
9.209372302981944358e+01
9.182670441246941095e+01
9.158278498727811723e+01
9.151718679050968319e+01
9.181997908532302688e+01
9.235798753061864375e+01
9.276265843616981499e+01
9.321663235294646199e+01
9.353810559876207265e+01
9.350376218933855910e+01
9.317879523510060835e+01
9.293452117392213552e+01
9.267247970634186061e+01
9.254945140354527666e+01
9.247801595264274965e+01
9.267252842198254825e+01
9.295696457952577418e+01
9.319944998644726297e+01
9.362766818559467197e+01
9.445081371029228023e+01
9.534914393259438725e+01
9.621872881240548736e+01
9.665930373978058299e+01
9.618384860874796516e+01
9.534464209431175163e+01
9.439752967586224486e+01
9.333256644610527530e+01
9.273901112963534388e+01
9.243572452327988742e+01
9.224881361370569266e+01
9.229025829872024644e+01
9.198575771429167958e+01
9.186796003389750354e+01
9.143987586706356296e+01
9.105211713710492916e+01
9.085707292267350965e+01
9.066519552979210061e+01
9.091546332754346338e+01
9.137695229304063105e+01
9.193394896524543469e+01
9.257944928421633790e+01
9.280229955950248666e+01
9.293796369147192138e+01
9.254142071289831506e+01
9.204970204281045199e+01
9.159478517591973912e+01
9.136221669359370878e+01
9.148796634659298377e+01
9.179285877254616821e+01
9.226609132059402896e+01
9.265182569717799765e+01
9.286167032452819114e+01
9.293831930482696180e+01
9.314675510502931388e+01
9.333167409209193011e+01
9.377956275526416619e+01
9.444935773860464678e+01
9.497719289329052117e+01
9.538406222750685970e+01
9.583241110124025397e+01
9.602943655133113054e+01
9.590002316216090605e+01
9.518699093969435410e+01
9.448399981068756404e+01
9.372729223175127800e+01
9.329085004112107526e+01
9.364040155040507329e+01
9.503310288881490919e+01
9.715791903118999073e+01
9.965902173272590403e+01
1.017385919198553381e+02
1.027707217209072752e+02
1.027889055665928737e+02
1.023992652183847554e+02
1.019276779486295084e+02
1.013035057557357561e+02
1.009278271497418586e+02
1.003074099014837941e+02
9.952676179570281079e+01
9.799693448222807035e+01
9.612563495086570242e+01
9.377284502555842494e+01
9.149303249696697549e+01
8.914534817882915263e+01
8.769687749587555459e+01
8.671615608153551591e+01
8.670614330796016134e+01
8.725479546817136622e+01
8.785881172138819295e+01
8.861694331714204509e+01
8.905285489424501577e+01
8.901065568536311901e+01
8.859803724868601194e+01
8.763060280443714589e+01
8.698701457410423643e+01
8.645615545918063560e+01
8.586793768921336323e+01
8.543946604099221531e+01
8.494929186975210200e+01
8.465475372058961057e+01
8.438014815348968511e+01
8.419961898644466203e+01
8.365665313028999606e+01
8.320738197466501163e+01
8.266831385286523926e+01
8.195337002709820240e+01
8.122237848556973461e+01
8.043755946673746848e+01
7.966722736464123500e+01
7.936604111634414949e+01
7.896126150849933367e+01
7.890050795616839707e+01
7.898679771106424141e+01
7.869962800459408925e+01
7.819868616207858736e+01
7.785803448183925468e+01
7.748879741533123422e+01
7.672613272732618839e+01
7.621120515300566467e+01
7.604092075400538420e+01
7.578743109808877421e+01
7.572545594244061817e+01
7.571076114895008402e+01
7.585876685524098662e+01
7.566790050942589119e+01
7.564485055083335396e+01
7.571147186604103752e+01
7.544525914574680314e+01
7.545347947594179061e+01
7.525856130952733736e+01
7.532243408502986881e+01
7.518185795279501349e+01
7.491938534656304682e+01
7.478314048276000392e+01
7.464380404584275652e+01
7.445181104409182637e+01
7.430840296883238238e+01
7.405050545972855502e+01
7.401412541104576803e+01
7.383307073214496086e+01
7.393444397772479704e+01
7.406652619158526818e+01
7.419871373649930035e+01
7.430478952442662433e+01
7.432638943899705453e+01
7.407601563014047485e+01
7.404231519058981803e+01
7.382634402022434017e+01
7.355720871613343093e+01
7.334542866641564274e+01
7.322075716244569321e+01
7.329491195046902874e+01
7.329000710998850820e+01
7.321158192971314804e+01
7.300086680404155004e+01
7.277849378392419055e+01
7.243726666475710374e+01
7.232621294741349516e+01
7.225717714349437415e+01
7.209850434287903909e+01
7.188054901060189650e+01
7.164983750709045296e+01
7.151163129602569768e+01
7.127648224323392867e+01
7.093022589059108896e+01
7.075724039944971366e+01
7.045025862281576678e+01
7.019044269061537022e+01
6.978938387820525691e+01
6.941592841693076821e+01
6.914876979418582437e+01
6.904020342923216447e+01
6.888027808825248144e+01
6.861964283436185497e+01
6.836874862142337861e+01
6.805274938852397781e+01
6.782485760758909521e+01
6.739494002617402657e+01
6.726673590762284505e+01
6.694558073682362931e+01
6.677774731770306005e+01
6.636567429950848407e+01
6.634068805548174907e+01
6.615267225760248948e+01
6.604108265857423987e+01
6.589316003928837517e+01
6.586389282596528005e+01
6.574384927909983389e+01
6.559149261313002910e+01
6.556543254564280687e+01
6.557007108344727442e+01
6.562166214527195507e+01
6.574343712606761869e+01
6.580234118631138074e+01
6.592336226174224123e+01
6.600281734084958885e+01
6.611094316889349898e+01
6.620162033548169234e+01
6.633639813382090722e+01
6.633908930940786774e+01
6.629696552609159710e+01
6.629020079630483053e+01
6.625364623902721917e+01
6.618386781437487798e+01
6.593913082464899844e+01
6.550505914023054288e+01
6.481215274205113985e+01
6.404074257150023186e+01
6.349067762951698057e+01
6.381144486849913022e+01
6.572403283015772502e+01
6.927207536282105593e+01
7.403433756093366469e+01
7.917211803269563575e+01
8.421651887384668100e+01
8.915106640639314151e+01
9.317824916201011831e+01
9.635003605797531634e+01
9.886136419730731006e+01
1.008700145445770602e+02
1.024537531803144930e+02
1.036788723437689157e+02
1.047293390310724135e+02
1.055095627952477457e+02
1.061573995049730712e+02
1.069039861045870765e+02
1.079094412370357929e+02
1.086602371467840555e+02
1.093444955488848507e+02
1.100543671456230612e+02
1.103232476415007994e+02
1.106889402972454093e+02
1.106339772980369247e+02
1.103750694052989729e+02
1.099151078883037655e+02
1.093860825384801814e+02
1.087275736308972967e+02
1.079462645217107735e+02
1.072911738975195846e+02
1.063880002606005064e+02
1.051199891342657509e+02
1.033296949869196908e+02
1.014156066648622669e+02
9.960718563100985534e+01
9.797193101298088891e+01
9.652406512470844291e+01
9.517652570974658488e+01
9.411259420980856305e+01
9.340915069073264476e+01
9.383760381661446104e+01
9.396677158753266212e+01
9.390343424374039216e+01
9.375088467554840577e+01
9.326005957412131409e+01
9.295583829527710407e+01
9.301195770488159553e+01
9.353624689679070059e+01
9.445871453053912603e+01
9.549571283662031362e+01
9.607079071764613332e+01
9.630008143720647240e+01
9.633598867890680140e+01
9.694664315271245414e+01
9.777544460366195267e+01
9.843819478266576084e+01
9.874098268493274588e+01
9.856313114632001771e+01
9.792802324515760404e+01
9.724823265737190070e+01
9.662665900724201151e+01
9.612285423740597423e+01
9.566760089240921161e+01
9.518783089267755315e+01
9.421724324358015679e+01
9.348449432947825244e+01
9.296943677063100608e+01
9.279376650959069650e+01
9.295663553730436490e+01
9.322590930301184642e+01
9.338358078988677846e+01
9.357668773455694122e+01
9.385311910110991107e+01
9.455834078499704276e+01
9.524907499468524463e+01
9.607479564864691213e+01
9.648327327291956124e+01
9.633510384791686931e+01
9.580298940814633113e+01
9.521027437903109103e+01
9.465626444616650303e+01
9.432333371148322954e+01
9.443565436801829094e+01
9.497934953271607128e+01
9.588215239819969327e+01
9.677134514688735578e+01
9.728567079505711490e+01
9.754215800539436998e+01
9.703694530353971004e+01
9.596610640351855182e+01
9.418285289815359818e+01
9.186112715505244353e+01
8.953278841040615532e+01
8.759098517366210501e+01
8.638434762130663103e+01
8.611436226096616053e+01
8.639778572483469077e+01
8.690108067089471433e+01
8.715826618324393849e+01
8.717530051694902227e+01
8.681318586396784553e+01
8.629209636561661512e+01
8.559752338966238483e+01
8.526135991363221933e+01
8.507621481539705144e+01
8.509053191850451014e+01
8.524848389446401598e+01
8.545599184019415873e+01
8.565043891427261258e+01
8.564155957432413402e+01
8.535333633978940782e+01
8.487292514726030390e+01
8.426001171500917053e+01
8.401108404263287355e+01
8.396275642071859124e+01
8.448292478304760778e+01
8.504773805164326461e+01
8.574936784273370449e+01
8.594956958856889173e+01
8.550803756223170637e+01
8.486588361912167500e+01
8.431455106316791159e+01
8.387959613044816365e+01
8.364153744110710420e+01
8.346869171465505133e+01
8.366516894651741154e+01
8.379669696070747875e+01
8.370408313232320552e+01
8.331782282932324790e+01
8.272004701580364383e+01
8.205232690138761598e+01
8.145163429396205856e+01
8.099228571900771101e+01
8.052542697333828414e+01
8.002202771749439592e+01
7.945134546062070058e+01
7.895934109542061208e+01
7.847155459039888115e+01
7.803373579629480616e+01
7.761192685326400920e+01
7.721929394882762665e+01
7.683652037789337896e+01
7.667967061767186010e+01
7.642720191711440236e+01
7.619441297467440677e+01
7.590571004764196061e+01
7.547230751470746668e+01
7.513981590990877635e+01
7.490870533322727454e+01
7.475140681086351435e+01
7.463066090886474058e+01
7.449934580545721019e+01
7.440665923470291432e+01
7.429075093732531343e+01
7.396663238749840730e+01
7.358497826910311801e+01
7.326989379434451166e+01
7.294249959452477583e+01
7.268912293029217153e+01
7.250735231322826735e+01
7.221841580279516393e+01
7.201000266190187915e+01
7.176313241458490211e+01
7.158702718030467338e+01
7.132654432523983701e+01
7.095869648700276855e+01
7.061200514674860074e+01
7.030318411325690420e+01
7.012165140279513764e+01
7.000600126031525861e+01
6.978083758573443163e+01
6.958764312690372833e+01
6.923250954731793172e+01
6.888206144377944895e+01
6.853600673245770736e+01
6.830467105761292146e+01
6.813330912147348783e+01
6.810217794514541367e+01
6.802729880673989271e+01
6.783691674355189605e+01
6.773088135549451749e+01
6.768902610523343810e+01
6.768880869308151205e+01
6.774846368606382896e+01
6.769315767613730372e+01
6.762517644754788648e+01
6.740718295518131242e+01
6.728531669379844971e+01
6.710493344845154695e+01
6.695357530922217393e+01
6.687716659083081083e+01
6.687873050776330786e+01
6.681021766268916906e+01
6.674371918256811398e+01
6.667732626940508567e+01
6.663989084971137800e+01
6.652371754456589770e+01
6.633846777166068875e+01
6.620893757205635666e+01
6.612884060129258046e+01
6.602815160232866276e+01
6.600958046723076222e+01
6.602463575868188173e+01
6.600597630422322482e+01
6.592705995384648077e+01
6.588610308502735791e+01
6.581450606169684647e+01
6.571709297335421240e+01
6.570802579471128979e+01
6.559796536916874743e+01
6.550111263546897078e+01
6.546476232757770219e+01
6.542618388823269981e+01
6.538815783813113569e+01
6.531516092361994197e+01
6.537612687062811290e+01
6.535412329380733354e+01
6.527643938987998240e+01
6.520646818227720587e+01
6.521874472118122412e+01
6.526497411902197143e+01
6.522673772010442406e+01
6.527357644939009162e+01
6.533839826135822193e+01
6.535368346018447028e+01
6.526209922110557216e+01
6.516588412278876774e+01
6.509136293742105295e+01
6.503763757579326921e+01
6.495680724057515931e+01
6.486996255471743211e+01
6.481234739897836050e+01
6.475625136019412764e+01
6.480261449203452173e+01
6.480696114569785493e+01
6.469004609594027499e+01
6.440570306027507286e+01
6.401313160113680567e+01
6.358068532210123180e+01
6.310895927021932295e+01
6.287427523764707615e+01
6.355784796999916608e+01
6.595749980498865739e+01
7.034182210411216829e+01
7.599139449368273347e+01
8.198224737479023361e+01
8.771206849041720943e+01
9.274279442009894581e+01
9.639857341527077494e+01
9.910631379304254551e+01
1.010671916294866861e+02
1.025638290339068135e+02
1.037484766616690166e+02
1.048872571317485267e+02
1.059526481325569875e+02
1.069396917766375879e+02
1.077917164974602997e+02
1.084636496299637116e+02
1.089250791968576237e+02
1.091529263976151611e+02
1.091625955036179505e+02
1.089781313868855790e+02
1.086366553946383391e+02
1.081617441386509313e+02
1.074685569507860379e+02
1.066155741665888996e+02
1.055165760813956126e+02
1.044018950294789221e+02
1.030423262107589579e+02
1.014284429581929317e+02
9.978578600895474437e+01
9.812105827199667374e+01
9.669391709853088912e+01
9.568998704035564629e+01
9.527295905502478490e+01
9.460386817737671095e+01
9.457992053924652964e+01
9.492948381392966439e+01
9.527753601335719225e+01
9.589913199179072478e+01
9.660871753944238094e+01
9.741065807763793316e+01
9.778241573537981424e+01
9.782371043814742961e+01
9.765230758727643945e+01
9.719241981102575778e+01
9.717415956590669168e+01
9.735109413173979931e+01
9.744306813130985745e+01
9.713210996460867364e+01
9.639335879370229065e+01
9.554524144117337414e+01
9.486856498921338243e+01
9.452091521274805075e+01
9.432092810496649804e+01
9.431869362485136321e+01
9.412973337562587517e+01
9.396475326662488214e+01
9.399107921545146382e+01
9.408035042641540713e+01
9.433366018155467714e+01
9.461642394704227854e+01
9.486663251324421253e+01
9.495886041794356913e+01
9.501738729763114577e+01
9.482861345860865754e+01
9.422767826231991251e+01
9.358667281669858085e+01
9.280777337574971853e+01
9.179562846056163039e+01
9.094164400928309533e+01
9.057241550281487719e+01
9.071728457624232078e+01
9.086438804798871161e+01
9.128701969950027717e+01
9.199470322811248479e+01
9.263976299859584174e+01
9.312078535087589160e+01
9.320856174066955191e+01
9.327065466468684463e+01
9.309043841920568241e+01
9.290804610611530734e+01
9.277309303947689045e+01
9.242706686456760679e+01
9.229183796947133089e+01
9.301802651112016918e+01
9.394048720898300076e+01
9.517567224725105746e+01
9.628344143447195336e+01
9.695894544631387646e+01
9.720763093317161463e+01
9.692149705558121298e+01
9.619920708002659637e+01
9.503721017798974913e+01
9.370632012837958769e+01
9.246845765778732584e+01
9.157355698479744888e+01
9.092209969160296623e+01
8.999509665393503610e+01
8.883150038599914922e+01
8.746612840528149491e+01
8.614218485994904029e+01
8.523402508495496477e+01
8.486594273248961429e+01
8.494028352712206242e+01
8.527472805487298047e+01
8.567899823076079713e+01
8.601045206233726503e+01
8.623440453161070707e+01
8.624950922871524028e+01
8.583475197615820207e+01
8.525338164912190564e+01
8.438280028949436939e+01
8.358157829493779900e+01
8.306303185858489257e+01
8.288678855546210400e+01
8.297928774144816089e+01
8.300648138667972376e+01
8.303362299931384882e+01
8.291172393547925878e+01
8.247390744490338932e+01
8.197243158714672973e+01
8.136539714812030866e+01
8.090569584853847118e+01
8.054393412837498545e+01
8.028814306660534328e+01
8.004708945339964998e+01
7.972541351648924035e+01
7.929685051485328984e+01
7.872772507088777161e+01
7.802597993218927286e+01
7.726680735339778039e+01
7.665115453391324252e+01
7.611845487670686339e+01
7.566526548928402462e+01
7.549232650675780576e+01
7.521198589954435931e+01
7.483070292255771960e+01
7.445537887580215397e+01
7.404110646431335852e+01
7.373148905629597039e+01
7.350086792788410150e+01
7.311699905404229582e+01
7.283541819243032478e+01
7.259003847128067832e+01
7.238963423473848025e+01
7.200323660707663009e+01
7.180145917923940146e+01
7.165711554407383233e+01
7.157545225970993386e+01
7.146934722509087123e+01
7.140050725308375945e+01
7.143464712301305042e+01
7.142391977343417864e+01
7.140802684352259178e+01
7.131917588834795652e+01
7.135199202723120493e+01
7.112883240540172380e+01
7.088659045646262769e+01
7.079814563739087419e+01
7.080293514773298114e+01
7.074249324616637580e+01
7.083916247445334591e+01
7.094877844320249949e+01
7.096328136074541248e+01
7.089007765273535711e+01
7.112099459444534943e+01
7.098485670997983732e+01
7.101028893847144730e+01
7.083674870454690620e+01
7.060888553513049715e+01
7.042398279736893585e+01
7.021759710467610205e+01
7.017947016563725526e+01
7.004253663191536816e+01
6.989021134022911497e+01
6.967079907188357879e+01
6.944008265964190230e+01
6.926322035362757390e+01
6.908453619063791962e+01
6.897595567139850914e+01
6.876917721210004686e+01
6.856522579053363131e+01
6.815764698606565730e+01
6.780939561471068089e+01
6.743574906035094330e+01
6.721229090931718986e+01
6.705858507153696735e+01
6.668519954962449958e+01
6.638602343660669192e+01
6.622187182981730302e+01
6.615209874647490551e+01
6.595213536510848940e+01
6.572081027563270084e+01
6.552881783757615608e+01
6.537753568781592151e+01
6.517614101696264584e+01
6.501238163936342573e+01
6.498982857058335583e+01
6.499539388154512665e+01
6.495049676799686722e+01
6.495990393110950833e+01
6.488523166587694391e+01
6.490128032851170303e+01
6.489673027651721782e+01
6.488197019248129038e+01
6.488551031174286265e+01
6.493537676789229351e+01
6.492692823214220255e+01
6.487247851173937363e+01
6.493968296176014121e+01
6.501719943288910031e+01
6.504462641875466034e+01
6.521902518032237595e+01
6.541605758858497666e+01
6.558707044196823688e+01
6.586942129903367515e+01
6.615866994297704196e+01
6.638850735987614371e+01
6.666286122915984436e+01
6.672672373629005449e+01
6.675478789291906878e+01
6.660857461375981359e+01
6.618825137194356500e+01
6.556818241665217784e+01
6.477479935196480199e+01
6.426631005411724118e+01
6.512483102660466727e+01
6.824674996116770842e+01
7.335439278698783028e+01
7.911496119578836783e+01
8.476447984862704743e+01
8.998912831910297427e+01
9.419147189942925991e+01
9.721930295192305493e+01
9.955448397880813616e+01
1.014560897273587443e+02
1.032328378255426315e+02
1.048553229231806654e+02
1.062227856239638584e+02
1.072782403468039121e+02
1.079709472951599309e+02
1.084763608148319491e+02
1.088670564115470398e+02
1.091616958215249014e+02
1.096051007649418949e+02
1.100376953913998648e+02
1.103671440718214001e+02
1.106286558108022007e+02
1.106861355312719297e+02
1.103062725772804384e+02
1.095338425279166330e+02
1.086876331416355299e+02
1.080871398215154926e+02
1.077531841202549003e+02
1.074307057418737941e+02
1.066614058174075694e+02
1.054896051817524949e+02
1.041097816368897924e+02
1.024386651612431081e+02
1.005707342185270505e+02
9.853847255369211666e+01
9.654221763058971817e+01
9.486752180153746394e+01
9.396238386668581200e+01
9.410067685979235819e+01
9.453854107319449440e+01
9.499222146356461849e+01
9.516770997812253086e+01
9.491635466216726513e+01
9.441842984786428872e+01
9.414744749476480479e+01
9.433231058212471964e+01
9.498309047272526584e+01
9.567321181385960926e+01
9.601006279738732019e+01
9.596528813798289548e+01
9.552633552170246389e+01
9.472493116426755932e+01
9.383271652019583087e+01
9.330627177201034783e+01
9.297902812096774028e+01
9.279683590800895843e+01
9.280135825046869513e+01
9.295233263105077981e+01
9.328038151147572421e+01
9.363943324950270153e+01
9.397159951935896061e+01
9.416216277804321066e+01
9.394202332404150013e+01
9.349887475736454689e+01
9.297238210428653815e+01
9.254395654138669158e+01
9.221738849199888932e+01
9.223067792123617892e+01
9.248798607455982790e+01
9.272360572503950493e+01
9.302451064927446112e+01
9.321341719325776864e+01
9.329193287721365380e+01
9.338971702425881460e+01
9.335795525610062384e+01
9.314289863409595682e+01
9.277164994934085485e+01
9.254638628666202749e+01
9.234116129411775376e+01
9.235179916160858227e+01
9.238166683706680260e+01
9.250744140309976160e+01
9.252779272429248181e+01
9.237000777029301446e+01
9.206908146690619787e+01
9.192171556765124762e+01
9.154620023704873688e+01
9.112321885857909365e+01
9.095362212065950303e+01
9.101608018178977488e+01
9.127454241240678812e+01
9.174057758718892330e+01
9.218128417337317160e+01
9.249027976619443336e+01
9.262967054579834780e+01
9.280576662356382656e+01
9.271119500623895249e+01
9.229461807038440213e+01
9.184034234310688305e+01
9.135836668158501084e+01
9.087297010582348378e+01
9.051803366746419499e+01
9.033649215268496846e+01
9.044875883586968257e+01
9.068673346510630040e+01
9.098549202391654944e+01
9.155153283039173573e+01
9.224321331734168439e+01
9.287544360718280245e+01
9.323193869229965003e+01
9.318562902805615522e+01
9.262066884714705850e+01
9.177694262457069385e+01
9.084026051830480242e+01
8.999904057521378320e+01
8.945080548246313867e+01
8.880031982350128317e+01
8.817091315837646448e+01
8.760575415252273501e+01
8.697949167248029312e+01
8.642760815854080647e+01
8.594955659473167486e+01
8.528146808094956555e+01
8.446075688293298356e+01
8.366091795390346419e+01
8.305941458631208718e+01
8.268303600964009092e+01
8.255471964202214963e+01
8.255776164773264725e+01
8.269515140514894824e+01
8.265124294055642906e+01
8.233860290411543303e+01
8.191768911109032558e+01
8.146346864992825942e+01
8.114833493546446164e+01
8.116067495545922839e+01
8.101574236957642938e+01
8.077933457837961839e+01
8.077084379267240877e+01
8.067396749140907275e+01
8.048024035773960350e+01
8.027488744879468641e+01
8.012601248973024326e+01
7.989631607210225184e+01
7.944544679128233611e+01
7.893209229147326766e+01
7.839509273029469227e+01
7.792187523982620689e+01
7.743586075622175713e+01
7.698158003886534573e+01
7.644842511736847257e+01
7.585899804444582628e+01
7.532810818571931577e+01
7.470072033380411369e+01
7.394968591528696322e+01
7.327173650067742017e+01
7.277750207247744640e+01
7.235184932589295670e+01
7.193949054854827807e+01
7.174876491267437473e+01
7.163419531378065130e+01
7.127130805422200410e+01
7.076517333368350648e+01
7.012218631760602250e+01
6.956736585588110700e+01
6.903273188072921585e+01
6.848863333450763946e+01
6.802783433347403275e+01
6.758875117106387620e+01
6.724653095492892874e+01
6.706856090823589511e+01
6.674193290931125944e+01
6.650541971066026292e+01
6.641818204595720943e+01
6.611991812375362088e+01
6.590006460036788383e+01
6.573125977067790870e+01
6.580156276526771819e+01
6.596357675843253787e+01
6.570491741940554675e+01
6.556040898299444564e+01
6.554873511741558900e+01
6.547653512575767820e+01
6.544358266864618656e+01
6.569588439614932440e+01
6.582390731833238817e+01
6.581755759431833042e+01
6.578149671156174350e+01
6.539776308826552054e+01
6.514597362779588252e+01
6.482193795243796330e+01
6.451773129556059416e+01
6.425362250029864697e+01
6.409026043294922204e+01
6.413919202546443898e+01
6.410319048717694557e+01
6.394984063984060896e+01
6.389249001246812298e+01
6.381094990530824163e+01
6.387627740757775996e+01
6.377783032885206183e+01
6.367881922068150402e+01
6.367917316791812965e+01
6.362183801275600104e+01
6.356932120766790462e+01
6.354991023586857324e+01
6.345746167770554536e+01
6.334274445595501390e+01
6.326517513577601193e+01
6.318978911047949509e+01
6.306532270519940653e+01
6.299117708050057729e+01
6.291555524304109070e+01
6.277886453589964333e+01
6.268569740851464189e+01
6.264424800266728255e+01
6.260383902644501575e+01
6.259525186960399168e+01
6.252027826773878161e+01
6.241534367680968387e+01
6.237924242656728779e+01
6.239773016706966757e+01
6.238985536500549500e+01
6.234486647780799728e+01
6.229777139519920581e+01
6.225480452266898368e+01
6.222145334331113276e+01
6.214142004710375033e+01
6.204372314279408585e+01
6.195788206983269930e+01
6.186024100642963219e+01
6.178413703227799658e+01
6.172654793168563714e+01
6.168222654018340734e+01
6.167997087026132874e+01
6.166772799014949413e+01
6.166520858623614743e+01
6.170403208277293317e+01
6.170056483751618259e+01
6.166021020846149980e+01
6.169028628486231014e+01
6.172823916157266666e+01
6.177654524064047337e+01
6.187790671518416019e+01
6.197198349125644512e+01
6.202412619796173487e+01
6.208291729978062534e+01
6.215226236957161632e+01
6.219985422851020473e+01
6.212580619735186360e+01
6.199346513972871264e+01
6.179146673628630282e+01
6.148129719821719874e+01
6.132962819685766220e+01
6.176359148030354618e+01
6.340957707681522493e+01
6.667549886736794917e+01
7.134383331407285311e+01
7.656133161773355766e+01
8.165455415582744081e+01
8.640523028250791526e+01
9.042115664925724161e+01
9.359226763057584719e+01
9.619525410852014602e+01
9.840015077529864129e+01
1.002777617043371805e+02
1.018846422029694878e+02
1.032831579818661254e+02
1.044479418894330536e+02
1.053591360089129125e+02
1.061401702974384165e+02
1.068198591692539026e+02
1.074132291328285191e+02
1.080649870001643507e+02
1.088509690476395946e+02
1.096871519685054182e+02
1.102703286364515520e+02
1.105185280355904354e+02
1.104125051732581966e+02
1.099409262131852785e+02
1.094273791543386807e+02
1.089566904809485237e+02
1.084688578402304699e+02
1.079532048668967974e+02
1.072170853237638113e+02
1.060517330012441590e+02
1.046236612166718771e+02
1.031418240288892463e+02
1.015137105097920482e+02
9.960749706635887435e+01
9.767407910378555869e+01
9.675851359477846358e+01
9.664374323177558779e+01
9.674043803317272250e+01
9.672770377856829782e+01
9.623835018994672907e+01
9.551514787258201977e+01
9.479137117203198670e+01
9.471479190514702395e+01
9.539819074173985314e+01
9.666571420859632724e+01
9.808254301538363507e+01
9.980735744194375059e+01
1.015964548661882532e+02
1.027627692446407082e+02
1.029285611678595274e+02
1.018467227280183920e+02
9.991822989536142074e+01
9.788827270523601953e+01
9.608253767161362191e+01
9.473024532636996753e+01
9.390388567338168002e+01
9.349239482680849278e+01
9.327127423658068039e+01
9.303029346967196034e+01
9.291000086027956684e+01
9.282615638719417461e+01
9.274693541517244455e+01
9.287662792019402502e+01
9.327815468666507570e+01
9.395086669366465060e+01
9.465333233540179947e+01
9.494142107457217605e+01
9.473124902121976731e+01
9.421842769587016164e+01
9.354679906686300228e+01
9.296823648278294172e+01
9.261821035367307786e+01
9.230789558051451138e+01
9.197013425101181383e+01
9.172841042833448455e+01
9.153492041030636983e+01
9.152207450220437579e+01
9.156486972772692923e+01
9.140055494817734427e+01
9.119299764058189339e+01
9.100127314574324089e+01
9.072244839252113024e+01
9.015884572396180374e+01
8.956954111291052811e+01
8.936178046602296376e+01
8.940241236493753263e+01
8.971989928385023916e+01
9.012405598607693946e+01
9.011931661733170529e+01
8.995112130975986986e+01
9.011184240039941074e+01
9.069541015745384982e+01
9.163861708759390012e+01
9.270860349799093569e+01
9.351573812573920463e+01
9.345533086369621856e+01
9.240025852830655140e+01
9.065555990569504274e+01
8.869794144992548013e+01
8.713237465220460365e+01
8.597876930009554997e+01
8.520839213162601311e+01
8.473781569440063777e+01
8.433470026173566225e+01
8.412696326438093308e+01
8.412095542335180198e+01
8.413494838110726448e+01
8.409761127235420020e+01
8.419521601879456796e+01
8.444201896208367941e+01
8.469516589677117224e+01
8.487737023657086866e+01
8.496265613096703362e+01
8.500251423129280681e+01
8.489848694984679867e+01
8.456764784322692208e+01
8.401381310540112679e+01
8.316993461261891696e+01
8.228183148483671516e+01
8.164684281228292662e+01
8.121392689674712528e+01
8.071561530203406676e+01
8.024360401524675979e+01
7.999977703859018163e+01
7.995217121045965314e+01
8.009481762191784071e+01
8.015582670629230222e+01
7.994170668090487197e+01
7.963396310112457854e+01
7.917216675363069101e+01
7.864143288829841083e+01
7.826549542475996191e+01
7.795851039866934684e+01
7.755971538085907468e+01
7.719248446281117992e+01
7.691505906364022849e+01
7.658228344750995120e+01
7.617961415240837653e+01
7.567466015074953134e+01
7.511094598245253451e+01
7.454020980138771790e+01
7.395320932864798635e+01
7.337893646436225481e+01
7.283623258621727814e+01
7.237828496871827610e+01
7.193412424657891791e+01
7.154532807795010285e+01
7.112001906696029607e+01
7.054830070201110459e+01
7.005404103552827166e+01
6.961859767219492312e+01
6.911368546963745985e+01
6.855847260474199345e+01
6.814642253906606584e+01
6.780256969721042992e+01
6.746032331602371812e+01
6.715048243547479956e+01
6.689148081219023823e+01
6.664333791180993671e+01
6.644468603783711558e+01
6.642863134617496712e+01
6.637383539578370062e+01
6.615112744098146891e+01
6.599319291994737569e+01
6.592093161574810267e+01
6.578439631535212584e+01
6.573624591336613321e+01
6.580509565170258668e+01
6.577353085373297858e+01
6.564756982391776319e+01
6.555355813987468139e+01
6.540167247725199218e+01
6.515802702798393398e+01
6.492335749346361240e+01
6.477927965221628881e+01
6.476936410907097752e+01
6.478191025769316980e+01
6.479234893155150132e+01
6.475366521969390021e+01
6.472808162252924546e+01
6.475737460930827183e+01
6.475654203049452917e+01
6.472044169077595654e+01
6.469092983674548236e+01
6.463373895151782733e+01
6.460401208980630372e+01
6.461481712321968018e+01
6.460637808404096916e+01
6.458141783960519433e+01
6.448124567882436509e+01
6.431171009561435881e+01
6.419985893059109117e+01
6.412115999284044676e+01
6.402479957998143334e+01
6.388363920741442570e+01
6.377150490553162854e+01
6.368386984699061770e+01
6.356119912725738175e+01
6.347022948204951831e+01
6.335558005526425518e+01
6.324585389367879174e+01
6.316090604311446555e+01
6.302862276846338574e+01
6.290828660823049745e+01
6.280296247530651499e+01
6.272967252983178099e+01
6.272670244739712331e+01
6.269483799369081112e+01
6.265795934691016100e+01
6.260270940032837927e+01
6.254586523369559359e+01
6.250197599933213866e+01
6.245181566610993684e+01
6.237858576111156594e+01
6.229468748669812328e+01
6.221364573206196980e+01
6.213937595221938892e+01
6.213462443226892873e+01
6.215035039256932237e+01
6.216011258348586210e+01
6.217856154795330070e+01
6.216973885138580869e+01
6.213059886065835968e+01
6.200864444631514516e+01
6.181954903494256826e+01
6.154149742445752480e+01
6.118022386530523704e+01
6.102850400117051777e+01
6.141737530257553601e+01
6.278643157109709705e+01
6.561201974039673246e+01
6.978396627465660629e+01
7.447335135616674506e+01
7.925268060781078816e+01
8.385875521804624100e+01
8.803743997159000401e+01
9.129137785614584288e+01
9.398838360355685495e+01
9.654153790977900940e+01
9.867578807340794356e+01
1.003839421162449526e+02
1.017625227830389463e+02
1.029847843394192779e+02
1.040912202770148838e+02
1.050677761058987016e+02
1.060369034872987868e+02
1.069292630201894383e+02
1.077066829649121473e+02
1.083670138604196467e+02
1.089888346112719262e+02
1.095472108554890411e+02
1.099786678137609499e+02
1.102576585900743140e+02
1.104115372445923100e+02
1.103556862760234623e+02
1.098894449874900374e+02
1.089686476749311339e+02
1.080134191555567469e+02
1.072037223391873795e+02
1.064353598013404394e+02
1.056603482741831783e+02
1.047844046976158978e+02
1.036087636293747636e+02
1.021688150952985410e+02
1.005695472319947754e+02
9.890876007450729901e+01
9.732021615659571978e+01
9.570622432824630721e+01
9.432327766052880236e+01
9.372807015469149405e+01
9.383686327558496032e+01
9.432426064690548628e+01
9.454428850679992991e+01
9.434143324693891941e+01
9.404943254761569449e+01
9.407124369928476426e+01
9.488374193134063717e+01
9.644773423622552855e+01
9.857116097422715484e+01
1.011020387987039442e+02
1.034879258881989585e+02
1.051011592359291456e+02
1.059506473708134564e+02
1.058271472210692394e+02
1.049290731881400518e+02
1.037269713198890315e+02
1.023280016650506354e+02
1.010019979320578756e+02
9.992568471813683573e+01
9.895239329994682009e+01
9.822332605287137142e+01
9.790668063983079605e+01
9.790801156605469657e+01
9.783203341589924662e+01
9.733277752866572996e+01
9.648772236377884326e+01
9.533926004798134102e+01
9.456451098179697112e+01
9.487955197359643478e+01
9.610598374285206091e+01
9.794302707617350734e+01
9.977388831200023844e+01
1.007707804074337758e+02
1.008938264379516738e+02
1.004231251127435627e+02
9.923036781828500352e+01
9.748454534412982753e+01
9.584968320656149388e+01
9.497175557839570104e+01
9.473293786069072553e+01
9.490942131202857013e+01
9.514894206823949219e+01
9.524148135521699032e+01
9.503262762792279261e+01
9.442298878525161854e+01
9.360191218701410776e+01
9.261679754693587086e+01
9.138439465169793152e+01
8.972120192695871310e+01
8.776980753330360585e+01
8.595770380714944281e+01
8.436378834383285152e+01
8.326439498479066970e+01
8.272342733231874945e+01
8.279046347499340186e+01
8.330864494344851323e+01
8.384706915736012434e+01
8.425411093944120466e+01
8.429821892554946317e+01
8.418564929290785415e+01
8.399664682837303076e+01
8.385239778322940651e+01
8.384717949953125071e+01
8.362975040788708725e+01
8.332678981621457126e+01
8.302853323311114764e+01
8.258147860104450899e+01
8.220683725723540647e+01
8.205641348219948839e+01
8.189592420437020337e+01
8.170859063419062807e+01
8.156204512018868513e+01
8.126307295052878032e+01
8.091299873545416688e+01
8.061059042974306976e+01
8.053145335591898402e+01
8.055663425204853922e+01
8.047690294695485136e+01
8.035478206952065250e+01
8.016022912042411974e+01
7.995198992467923915e+01
7.987246586513894897e+01
7.955534930477948308e+01
7.915336301257853791e+01
7.888882809319241574e+01
7.852987204776120223e+01
7.809340087694816646e+01
7.758381727670365535e+01
7.716206459806244311e+01
7.686396996423181349e+01
7.658920519164018970e+01
7.639044907598724876e+01
7.620011412263951911e+01
7.612380052442115641e+01
7.595054798043827304e+01
7.572981644382883815e+01
7.544125566682495787e+01
7.522152831073611878e+01
7.496722157906766881e+01
7.461092939075805930e+01
7.416223507558322581e+01
7.378722025859561029e+01
7.334393651222498534e+01
7.284738805128841932e+01
7.235917419782852278e+01
7.178205868596954531e+01
7.128017258980683835e+01
7.080405275673848564e+01
7.030724019144619774e+01
6.988731253842063040e+01
6.953102982687539679e+01
6.923850928926961501e+01
6.895315218251688805e+01
6.858103279209636582e+01
6.821905339069057561e+01
6.793130471651413416e+01
6.755947784285746138e+01
6.718741492799181003e+01
6.681950386103000028e+01
6.652913905482115808e+01
6.621724654241540975e+01
6.582871732036936407e+01
6.568745333955780552e+01
6.546024278907340488e+01
6.522084171416592824e+01
6.498238952033207738e+01
6.485466161413775410e+01
6.479970451613051807e+01
6.477203435586955038e+01
6.467180914614483811e+01
6.437424813133776524e+01
6.425818318294155063e+01
6.418215989380568942e+01
6.407779735783441311e+01
6.397643236821289037e+01
6.398733557103452796e+01
6.388000309854706416e+01
6.386488497437871104e+01
6.387714772440661193e+01
6.388287294105968783e+01
6.396654824357917590e+01
6.400312901075773198e+01
6.410676508063650658e+01
6.409856754879189111e+01
6.416043755004167792e+01
6.429802650124649688e+01
6.432421390701489372e+01
6.430506351026062362e+01
6.425680542409550355e+01
6.422024835742070081e+01
6.416423687531792552e+01
6.417521171586297157e+01
6.420631068197408808e+01
6.420861463436573047e+01
6.427088238609827897e+01
6.436644148428545975e+01
6.427615065663623284e+01
6.408173725139754140e+01
6.399695372524259795e+01
6.386104373203289697e+01
6.372677432618164772e+01
6.357603631983318593e+01
6.342107019793716205e+01
6.328350143537279138e+01
6.324921567318006055e+01
6.318358304248257440e+01
6.303616341055110439e+01
6.291734961176476304e+01
6.284242906020517694e+01
6.277760039645642820e+01
6.278628264864136810e+01
6.283207872847615505e+01
6.287468205868411530e+01
6.294716835522610410e+01
6.306179214476417627e+01
6.315497950315413078e+01
6.322907260867962975e+01
6.326598321004263425e+01
6.325195284784702210e+01
6.303251276443503315e+01
6.260087235140797191e+01
6.210251525111293347e+01
6.214673086207071151e+01
6.382041595294491998e+01
6.758454145369613286e+01
7.312152535805452658e+01
7.938688805444110130e+01
8.556416487928247250e+01
9.076080982556094057e+01
9.478406259817174373e+01
9.772771136376798040e+01
9.981067856171991082e+01
1.012958457483299526e+02
1.025323706705381284e+02
1.035873507721640294e+02
1.047055484578892361e+02
1.058103286025281164e+02
1.067318707278378582e+02
1.076333440166562667e+02
1.085804876783753912e+02
1.094614876658536673e+02
1.101622976354574348e+02
1.105093917835556283e+02
1.108975320903954298e+02
1.110609968866548769e+02
1.107062397652322971e+02
1.100459557590660324e+02
1.092556343915153718e+02
1.082660809839444340e+02
1.073324852811803538e+02
1.065233462724272044e+02
1.054441956846452939e+02
1.038496772237057257e+02
1.018248815284207609e+02
9.962672783108139640e+01
9.756965215861818308e+01
9.610715621835393563e+01
9.585982452806959486e+01
9.635473588556446600e+01
9.723652202739606309e+01
9.745466611130869694e+01
9.682499425967957052e+01
9.615151608516771375e+01
9.677926568549509057e+01
9.940706476215790133e+01
1.032645265802975842e+02
1.069787821168156370e+02
1.092230760072749405e+02
1.095061632341848394e+02
1.085737349502947069e+02
1.074382304890373376e+02
1.067475098040901003e+02
1.066401044020943090e+02
1.065981905140738490e+02
1.061126750208561162e+02
1.050947287034409783e+02
1.034877022544613965e+02
1.016579224847425138e+02
9.970383515390442142e+01
9.786786917655686580e+01
9.630886873526510783e+01
9.530167246096966949e+01
9.505333907145865169e+01
9.545580799176994446e+01
9.603468804162321248e+01
9.636473477566566714e+01
9.637389760410502504e+01
9.624794765885269499e+01
9.584740033149810756e+01
9.508142762372263235e+01
9.409239739880817410e+01
9.317851264056577065e+01
9.238606165412284099e+01
9.173921250821913986e+01
9.134971688502599818e+01
9.123408270029409550e+01
9.145142666665657316e+01
9.173194293689324752e+01
9.193227018178598087e+01
9.202214516884392026e+01
9.211725349872953927e+01
9.254004689595387845e+01
9.359506534455090332e+01
9.515508528302737545e+01
9.674652161384116766e+01
9.820716837290045476e+01
9.893496572611141460e+01
9.872347823122231603e+01
9.785768838040692685e+01
9.636342718546013941e+01
9.419302583918840810e+01
9.165688315222143956e+01
8.913680933484002367e+01
8.712289327733745381e+01
8.601548141782477330e+01
8.568802918357872045e+01
8.589470939306737307e+01
8.632447572037652606e+01
8.658882728780757532e+01
8.659063884303786551e+01
8.650385435301956250e+01
8.659661340583696187e+01
8.693999968253061184e+01
8.737254054097161315e+01
8.787678954426571920e+01
8.807677252977097737e+01
8.789199874290071079e+01
8.730795484884490065e+01
8.651184374058928483e+01
8.565822195058960631e+01
8.487810310867220664e+01
8.427244837610867023e+01
8.396937719023630109e+01
8.390134535405682925e+01
8.418349577201713885e+01
8.476101722091942747e+01
8.548450745056366884e+01
8.589398210862339056e+01
8.597332696068981761e+01
8.555239128137036175e+01
8.508070704292754272e+01
8.458659900630965467e+01
8.450858900168749699e+01
8.428156528583303952e+01
8.400118239054447145e+01
8.380726389044673397e+01
8.346956250242554631e+01
8.334887584095585567e+01
8.311723797138195380e+01
8.274671541278925702e+01
8.242017548217259559e+01
8.209382610529807778e+01
8.171773757446405284e+01
8.122132611107045363e+01
8.080122341253266427e+01
8.054933237927406253e+01
8.044210261921423921e+01
8.040749003849543897e+01
8.048654339571407945e+01
8.037224154656068720e+01
8.032865935615677699e+01
8.009784767154131657e+01
7.997079728855034375e+01
7.965885195333513025e+01
7.938799183655808633e+01
7.923585976884007209e+01
7.894192583852279199e+01
7.867076420731275732e+01
7.833674182840130129e+01
7.789000959456761564e+01
7.735271967131095039e+01
7.670761758744760073e+01
7.625229615093593338e+01
7.589183341021190188e+01
7.553775354173731671e+01
7.517932823622888350e+01
7.491772258225185510e+01
7.466149519621274067e+01
7.442133783922679413e+01
7.414095014849154097e+01
7.389290459897947017e+01
7.372606293149897283e+01
7.362127812642017943e+01
7.341679474481352941e+01
7.323411607848362337e+01
7.309441789410794854e+01
7.295781975849233447e+01
7.272765293993326452e+01
7.254789186782284105e+01
7.239013516556340733e+01
7.220117438999000115e+01
7.202635286589929819e+01
7.203969152215896088e+01
7.194011129970246543e+01
7.178916348449003237e+01
7.173990552049598080e+01
7.163942656118352659e+01
7.150743413714883445e+01
7.131412739989990257e+01
7.128957891698227911e+01
7.124092871072275557e+01
7.113219953592007982e+01
7.102308075719746228e+01
7.095557063648882945e+01
7.081663949751204257e+01
7.075086173218015517e+01
7.069777701932910929e+01
7.066599355119353731e+01
7.053203148609205186e+01
7.050035949733242546e+01
7.041371466233407261e+01
7.039952149692118155e+01
7.031980324696419871e+01
7.025057063270691060e+01
7.009742339893720953e+01
6.991284643189462145e+01
6.972850890839386295e+01
6.951603321225468335e+01
6.930793299602487423e+01
6.916653162762132467e+01
6.918328268268162162e+01
6.896666916324141994e+01
6.882076282214200091e+01
6.867900005118198692e+01
6.853285815784003887e+01
6.828410017145569100e+01
6.804740103357720216e+01
6.777731743632098471e+01
6.750982875081645318e+01
6.718686682546005784e+01
6.693614928234700301e+01
6.664411844479710112e+01
6.640159903802997121e+01
6.606422719701294000e+01
6.575983431133109036e+01
6.548716391704201101e+01
6.536660417480729279e+01
6.515342079332913272e+01
6.487654250442113835e+01
6.466208290547902493e+01
6.437294876484212125e+01
6.420022173803830867e+01
6.409976592803639051e+01
6.384313389520509929e+01
6.363171992046364522e+01
6.351613656869430002e+01
6.342731726361593303e+01
6.337568167967627630e+01
6.332204536519261495e+01
6.328219367014430219e+01
6.323090537400248934e+01
6.305721618862124700e+01
6.263373077817613677e+01
6.231286405393159100e+01
6.307842165382024291e+01
6.598932802855621560e+01
7.150767926007158337e+01
7.790442555831606342e+01
8.402559078211008625e+01
8.963266531976796614e+01
9.444821428386332229e+01
9.801040425749471297e+01
1.003217367040630990e+02
1.020196674301334667e+02
1.033100167249053101e+02
1.045147362603954804e+02
1.057046975011461569e+02
1.067744823352891501e+02
1.075730866009405418e+02
1.083373364328395212e+02
1.089942990958150943e+02
1.097515314601469072e+02
1.104635616663179434e+02
1.107897028029468913e+02
1.107578260692591812e+02
1.103970930625295495e+02
1.095219169271972106e+02
1.083258983738255097e+02
1.069992391514832804e+02
1.058553190996082236e+02
1.049044590586476318e+02
1.036936943076499347e+02
1.020984767578235761e+02
1.006114600953744826e+02
9.945779270577997977e+01
9.796343819544222242e+01
9.717841142448783387e+01
9.675299889857801361e+01
9.735314517246543176e+01
9.768706987017755239e+01
9.740667134586638554e+01
9.672194145948348876e+01
9.662087049718721232e+01
9.813314631151014567e+01
1.012347511365962163e+02
1.051464497707320760e+02
1.088150793142356747e+02
1.112815178156294564e+02
1.119114893220338161e+02
1.107390047126739603e+02
1.081820917725554807e+02
1.049781825732155767e+02
1.020103607390563099e+02
1.000378417744927191e+02
9.921535385993912826e+01
9.883592434317249342e+01
9.802200385214069911e+01
9.676059282881567469e+01
9.498318321218059168e+01
9.310015196373005608e+01
9.189161327010175739e+01
9.153513523396070184e+01
9.204995156824612934e+01
9.301624385260404893e+01
9.379431637618870354e+01
9.417636883640284395e+01
9.430438945256480565e+01
9.368405653312619563e+01
9.299585238805872223e+01
9.220495746897131539e+01
9.174496240968724692e+01
9.183945834814443288e+01
9.193188134934887046e+01
9.220033531370950186e+01
9.257861378130428420e+01
9.274484558392398981e+01
9.289943463041890936e+01
9.250041580190099921e+01
9.168020501754546103e+01
9.100029555355695265e+01
9.041756429928506122e+01
9.050479800488761839e+01
9.108394796062444243e+01
9.196814140687735062e+01
9.268921279815555181e+01
9.285808883763669996e+01
9.256197840158684187e+01
9.229240480552697079e+01
9.205726809928161458e+01
9.185283131290917424e+01
9.176221231353351016e+01
9.145550209114580298e+01
9.083426817316424717e+01
8.956623358992983697e+01
8.797155492168678848e+01
8.626144008221702109e+01
8.474999614932038128e+01
8.389387894171743199e+01
8.367411846542169940e+01
8.383627668088718110e+01
8.441140500972409200e+01
8.489209667009711779e+01
8.562098607229985703e+01
8.597177830681768285e+01
8.601487036650861739e+01
8.602556417629190832e+01
8.577259336634308795e+01
8.553283275162824850e+01
8.519824840713765468e+01
8.500774392503984700e+01
8.484763338378405706e+01
8.485847232775410021e+01
8.470293225839638751e+01
8.462863647031109338e+01
8.441960290561112856e+01
8.408285075275885845e+01
8.357208548213338872e+01
8.329102225409693006e+01
8.298155040865125898e+01
8.302802867151524424e+01
8.328151069393858563e+01
8.341206412092262212e+01
8.327580994969720507e+01
8.292579225662409215e+01
8.258814841109773397e+01
8.224365045171403210e+01
8.179028215759083764e+01
8.151947279885544617e+01
8.117159911954831841e+01
8.091415828669717314e+01
8.074468701383257496e+01
8.045849859892055633e+01
8.037124435232922792e+01
8.016100266638871119e+01
7.998933410824423618e+01
7.980839526612075474e+01
7.958830298702162054e+01
7.921750683998484988e+01
7.902220461777878313e+01
7.867840961752138185e+01
7.834300175534374944e+01
7.805722692016880160e+01
7.787577719042646152e+01
7.770965054182268261e+01
7.737785530331552764e+01
7.701408713810494078e+01
7.658699818705930795e+01
7.616329807186869516e+01
7.559431773581839309e+01
7.519927028797603441e+01
7.455573064933332716e+01
7.404200629632032360e+01
7.377080308407508369e+01
7.348934242450025067e+01
7.339242847453398610e+01
7.328123704376156411e+01
7.326304509656023356e+01
7.306831051608861571e+01
7.286392177743704224e+01
7.261522477179208579e+01
7.224205314968487812e+01
7.192142439415840727e+01
7.178080821166652470e+01
7.144561144097148997e+01
7.123505683145204159e+01
7.095734105656013924e+01
7.061106296573518648e+01
7.023214008090390337e+01
6.995499496200456235e+01
6.975013365081073857e+01
6.950123433299646081e+01
6.929248551237367337e+01
6.905920471412881056e+01
6.886701058517998320e+01
6.874773546371537236e+01
6.846956853342022953e+01
6.826016899216780587e+01
6.806555755104386662e+01
6.804244666665204022e+01
6.803207012257783504e+01
6.801184407706463730e+01
6.786886266665445078e+01
6.778246720481563159e+01
6.756083756535045381e+01
6.743516374565086835e+01
6.725105657632458644e+01
6.718159214475635110e+01
6.708892109614056665e+01
6.690460618101184309e+01
6.664014324869688721e+01
6.640434974467999041e+01
6.611158786689513533e+01
6.586464838279248113e+01
6.577360699189810589e+01
6.565890349201100662e+01
6.536841829382998981e+01
6.528256631781852093e+01
6.505140891156455041e+01
6.493052532530737153e+01
6.484542107757438600e+01
6.479597527610579277e+01
6.468763983916485927e+01
6.455241921532433480e+01
6.443527291691161452e+01
6.439603975070707520e+01
6.429880306602639450e+01
6.418686771812647862e+01
6.415684766998541022e+01
6.402645241309865298e+01
6.396854185593127085e+01
6.385926334866371690e+01
6.393613499804575895e+01
6.399846491732940734e+01
6.397012622534757043e+01
6.400020524347178252e+01
6.399992562870418311e+01
6.394029521962543328e+01
6.372650021582137470e+01
6.366894498568478866e+01
6.353511335073869049e+01
6.346595867548926151e+01
6.336307547735422219e+01
6.338217310113413561e+01
6.330487303849653102e+01
6.324639459539752551e+01
6.334904528479531649e+01
6.324043775800295464e+01
6.318891198046875957e+01
6.315233795711672826e+01
6.310352449051478629e+01
6.312245279317999547e+01
6.305294248968574777e+01
6.302188647529784049e+01
6.311297683248105272e+01
6.310640276017130645e+01
6.298554078126174005e+01
6.288931811002179728e+01
6.282909364983821376e+01
6.278946481337477792e+01
6.273284857136921744e+01
6.259718649292577908e+01
6.257954593960684520e+01
6.254903650025732986e+01
6.251018009797974173e+01
6.247376336085843462e+01
6.239160094950498348e+01
6.229844257985178757e+01
6.219311758194325535e+01
6.197381830204569297e+01
6.178408691139226505e+01
6.149307358858509076e+01
6.103648818579085145e+01
6.054311141218683900e+01
6.038702840725574816e+01
6.166438183886947400e+01
6.595964659180337719e+01
7.238064407728175809e+01
7.931269424389891753e+01
8.530343452564862616e+01
9.042384866331052251e+01
9.443392407657518106e+01
9.729892068281495199e+01
9.939563528062144826e+01
1.012872386037354744e+02
1.029023035339331926e+02
1.042850503523047365e+02
1.056034911402588108e+02
1.068724037909193783e+02
1.080273642637890816e+02
1.092106839234213425e+02
1.103018176417928089e+02
1.108958292880134877e+02
1.115929723958245177e+02
1.121035758659072172e+02
1.119310537959144369e+02
1.111154321741790199e+02
1.099350388093013322e+02
1.087048521055865820e+02
1.072879880509164821e+02
1.057969645871878299e+02
1.041453444723474462e+02
1.026555271968073697e+02
1.012459196259112844e+02
9.945224111341519801e+01
9.767144366493835150e+01
9.771709312942554959e+01
9.853557645324124792e+01
9.914550240723150409e+01
9.860923356224634517e+01
9.761972573419657806e+01
9.707055747500471909e+01
9.801932961198502881e+01
1.006650101858754738e+02
1.041877683381252524e+02
1.075030574903441476e+02
1.094538229755302439e+02
1.098332077353313423e+02
1.090862726766144988e+02
1.077061016488734566e+02
1.061065244826487799e+02
1.046420294694641058e+02
1.031667121673155663e+02
1.012725386579589895e+02
9.887795342792571773e+01
9.644499829851039863e+01
9.432900700833104679e+01
9.306948483851684273e+01
9.241844666378901252e+01
9.236454372068904206e+01
9.250668018125331571e+01
9.286177315419504907e+01
9.348635534121562785e+01
9.427895910381393207e+01
9.521448238253356067e+01
9.592171327420568616e+01
9.662518895041192479e+01
9.782042094402265775e+01
9.920923401998712166e+01
1.011843634524167186e+02
1.035613008077207695e+02
1.058749653662815007e+02
1.072785329404864569e+02
1.072684807090352734e+02
1.059732227476880837e+02
1.042607797715983793e+02
1.022676140393141253e+02
1.007911278761472005e+02
9.980732966157836472e+01
9.967673943169711492e+01
1.001598219181743872e+02
1.010487960707157242e+02
1.022386639528340737e+02
1.033284387857346758e+02
1.039663118683586873e+02
1.036581992539688599e+02
1.020446091533947879e+02
9.968646440375543705e+01
9.687620699452304507e+01
9.513647020706069668e+01
9.471446882048634563e+01
9.603333688067607454e+01
9.819680463181649088e+01
1.006595208484302617e+02
1.025954262561712795e+02
1.037445405528160052e+02
1.035292816818408994e+02
1.024463905454075672e+02
1.005571872198724890e+02
9.841952724601529212e+01
9.663010902426138671e+01
9.538868528863373797e+01
9.433091805006361596e+01
9.343132222614949001e+01
9.235475177085369580e+01
9.117716350332734976e+01
9.031952721189547617e+01
8.956063726963000704e+01
8.922880217771333378e+01
8.929048489880460693e+01
8.933501555991462340e+01
8.930360418588179527e+01
8.936934968303408766e+01
8.926990029820619554e+01
8.920014877155712441e+01
8.895314203442106304e+01
8.849158320236567477e+01
8.781996099936100109e+01
8.741486822621209285e+01
8.729363956684775872e+01
8.730863938232891996e+01
8.735927188813911926e+01
8.740187909651095310e+01
8.742986382878581253e+01
8.715521966361235684e+01
8.641052779978858212e+01
8.527940552319469703e+01
8.422801804979803819e+01
8.300286126036203882e+01
8.213097437964496805e+01
8.160515028312381958e+01
8.147144217146021106e+01
8.152904258798388071e+01
8.164638136940948243e+01
8.174074213201365069e+01
8.141944692817389750e+01
8.099431914290694579e+01
8.032589849799347803e+01
7.954146446748649169e+01
7.874574309847770337e+01
7.820355654395618217e+01
7.772935201109744696e+01
7.727637618679348464e+01
7.680992092600615706e+01
7.646593770110311539e+01
7.597991880271280252e+01
7.550919885342213433e+01
7.498962763356168182e+01
7.460860921576225735e+01
7.434332833033080590e+01
7.410574146166108278e+01
7.391020693438515821e+01
7.380439270713684152e+01
7.360801868947312698e+01
7.348044923336463796e+01
7.335438413303471350e+01
7.306396836049083277e+01
7.274811760934528593e+01
7.240796869207747477e+01
7.205003319184361033e+01
7.160860618670307076e+01
7.141373473080800238e+01
7.137034039629126880e+01
7.123260353575096815e+01
7.107364997648873839e+01
7.082787085108699898e+01
7.047731426608775962e+01
7.018530343313690878e+01
6.990213881679964913e+01
6.961671729124095975e+01
6.940310194405903133e+01
6.910864928529082363e+01
6.882155053428643043e+01
6.833380901327964807e+01
6.787327893934211431e+01
6.741509004742063382e+01
6.683341048724699363e+01
6.656155531093980926e+01
6.586397542038042729e+01
6.533506088631175146e+01
6.426563642775819574e+01
6.345203119144893833e+01
6.265822426657277333e+01
6.169886890180344352e+01
6.108580923710155730e+01
6.062012905932323292e+01
6.058500744526156723e+01
6.045051343834420265e+01
6.018740641784375356e+01
5.972215085152479475e+01
5.968405272002774353e+01
5.959421458013521544e+01
5.951357478015204094e+01
5.953767406535923357e+01
5.956672102647458189e+01
5.956440769513644540e+01
5.950411118183028236e+01
5.953015114238288419e+01
5.947155078712386711e+01
5.942895626570316381e+01
5.941808873218246134e+01
5.932803339687307442e+01
5.935405735218536449e+01
5.931063827879790296e+01
5.949312129623142198e+01
5.953662555859258987e+01
5.958572749578797811e+01
5.966561593916818396e+01
5.946499115134118085e+01
5.947829071477586638e+01
5.944705010344316776e+01
5.942656721308719625e+01
5.952909132711315010e+01
5.951027800314065530e+01
5.962006204055815317e+01
5.970272418402217340e+01
5.973380696374996290e+01
6.017413299835276064e+01
5.987502248511033542e+01
5.987425369860023494e+01
6.040894333433880092e+01
6.001348100420177190e+01
6.002090991773658857e+01
6.044698804058109687e+01
6.012882407024352460e+01
6.012110465091034683e+01
6.062380860501412627e+01
6.034941667827844469e+01
6.018784623968883096e+01
6.032939481432554629e+01
5.982686930649459356e+01
5.796994624563668452e+01
5.776533344100358391e+01
5.942206494855661703e+01
5.950651551332544642e+01
5.952340951976553640e+01
5.955455743265322610e+01
5.945905890394068649e+01
5.947846510578369106e+01
5.952429531684413178e+01
5.961298696079193604e+01
5.964711618565610962e+01
5.970518156062961879e+01
5.986809174775252984e+01
5.971882177766825350e+01
5.970723635822376707e+01
5.970891072515572517e+01
5.976551043528252194e+01
5.984093980195573437e+01
5.976538889013689726e+01
5.988722052052189326e+01
6.010865101204499439e+01
6.037479375535058068e+01
6.069725331852305317e+01
6.102871530751413331e+01
6.127830439452794309e+01
6.140034742696855119e+01
6.152661174520311249e+01
6.143536670424738588e+01
6.150367648667455001e+01
6.149025775195525512e+01
6.121716041100486905e+01
6.092115111881219036e+01
6.092339688961276778e+01
6.160232003757186448e+01
6.335874318216588819e+01
6.675507031229237498e+01
7.189256855176525107e+01
7.786280728945693852e+01
8.380728722254768570e+01
8.914307339801662522e+01
9.337833653542747925e+01
9.655414384088135193e+01
9.895819855284051414e+01
1.008995627764493435e+02
1.026807678529108472e+02
1.042015550799655585e+02
1.054205542354623759e+02
1.063071118861243605e+02
1.069606361670027326e+02
1.075734092136565323e+02
1.081447867259687570e+02
1.086671911865856117e+02
1.090027218563969313e+02
1.088636344878195388e+02
1.082972298837526495e+02
1.076585190725055128e+02
1.072876553157366004e+02
1.069772174963742515e+02
1.065318568967290105e+02
1.053966544421443672e+02
1.037935950029783641e+02
1.022859652802632411e+02
1.009551841398296403e+02
1.003846018867012759e+02
9.969867089252363712e+01
9.922687350688998720e+01
9.890912011512752144e+01
9.795843723710514439e+01
9.696554815285381324e+01
9.654162093198485195e+01
9.706745861489881122e+01
9.868467093860395778e+01
1.005917508769632320e+02
1.017872866006412096e+02
1.022296342126994233e+02
1.013794136080237536e+02
9.997022929084536713e+01
9.843370040990778591e+01
9.735460785980518494e+01
9.667391455674204792e+01
9.592403842877139653e+01
9.557059344623293384e+01
9.457137356143027773e+01
9.417410145458381976e+01
9.389051651011952515e+01
9.382338131181333551e+01
9.390026103744608577e+01
9.439281250352773611e+01
9.452011022008338159e+01
9.481662384293362322e+01
9.494314253224864331e+01
9.488985528106339018e+01
9.502594067872058758e+01
9.474369401567020077e+01
9.488922642587415623e+01
9.477425362199259951e+01
9.457213336968548845e+01
9.441434415527682233e+01
9.401140305873595082e+01
9.370929913898504537e+01
9.309501778592618848e+01
9.276326565592347606e+01
9.226923135118647679e+01
9.187699150330810483e+01
9.203453588206332370e+01
9.225666691038448164e+01
9.274373261280970837e+01
9.333749028450789353e+01
9.371784561933401392e+01
9.391981269754364803e+01
9.366806063828394713e+01
9.318315851022096297e+01
9.267256229066209983e+01
9.204411288744786646e+01
9.197782616344488815e+01
9.179555366905046299e+01
9.136481760596302593e+01
9.126359507847115538e+01
9.077882470427266526e+01
9.039812457957515335e+01
8.995236518003022752e+01
8.957345749938400559e+01
8.925533268439052392e+01
8.926222615623174761e+01
8.912897242320794078e+01
8.921231035733350723e+01
8.906527724924099232e+01
8.880194329193540170e+01
8.864327305691077186e+01
8.846288403487258734e+01
8.831795742905835311e+01
8.864957164669446854e+01
8.870992414696091544e+01
8.889782439004555670e+01
8.862502836876672063e+01
8.846061533100210283e+01
8.827753651604297147e+01
8.837680555973413732e+01
8.847985845430508789e+01
8.856564193033369747e+01
8.838117582473776679e+01
8.787547686782238543e+01
8.724334370539179417e+01
8.655452486519635613e+01
8.578547778296990600e+01
8.493040035571972624e+01
8.454711225335114477e+01
8.433488320424302742e+01
8.419607420626132921e+01
8.403205662386137931e+01
8.375448970885146593e+01
8.322851922867015162e+01
8.284494477042329663e+01
8.236135707347109758e+01
8.188401414773076681e+01
8.169858989803874749e+01
8.145222445173520498e+01
8.138580942001389928e+01
8.145266968952039122e+01
8.109635634933340498e+01
8.054422809331371980e+01
7.990612583651011391e+01
7.925352879151992624e+01
7.877944400853606055e+01
7.844422157993902545e+01
7.813979128415789432e+01
7.788010790857833854e+01
7.761899607092136932e+01
7.744401668501242852e+01
7.740000593602601953e+01
