0.000000000000000000e+00
0.000000000000000000e+00
0.000000000000000000e+00
0.000000000000000000e+00
0.000000000000000000e+00
0.000000000000000000e+00
0.000000000000000000e+00
0.000000000000000000e+00
0.000000000000000000e+00
1.015209254640620840e+00
2.129482814827655890e+00
3.687166402176389912e+00
4.618931940086640431e+00
5.358334277220205166e+00
6.004422789960717211e+00
6.345366982270741474e+00
6.483626201755381402e+00
6.385756424565280476e+00
6.157665240053468381e+00
5.794895924276357135e+00
5.477573976707009962e+00
5.081163086117356897e+00
4.787438394340607140e+00
4.815056385545926076e+00
5.179565482350946048e+00
5.909317592526647900e+00
6.878276185205464799e+00
8.380161184956561371e+00
1.005809034826614301e+01
1.200808808408869943e+01
1.398532457777542426e+01
1.570050623437063919e+01
1.769090890923751758e+01
1.920621089794486025e+01
2.034900963876811275e+01
2.106732353631777599e+01
2.137903695646258129e+01
2.136431992526177837e+01
2.093441337213707953e+01
2.019471015738073305e+01
1.912298836538375113e+01
1.793347169167509136e+01
1.661711988809321383e+01
1.515735396328821416e+01
1.362364812226624977e+01
1.191381510801400623e+01
1.039658268711681366e+01
8.778668625342053389e+00
7.186911185051411799e+00
5.577412419316543968e+00
4.205785040393723584e+00
2.840035937257581633e+00
1.311935146806751717e+00
0.000000000000000000e+00
0.000000000000000000e+00
0.000000000000000000e+00
0.000000000000000000e+00
0.000000000000000000e+00
0.000000000000000000e+00
0.000000000000000000e+00
0.000000000000000000e+00
0.000000000000000000e+00
0.000000000000000000e+00
0.000000000000000000e+00
0.000000000000000000e+00
0.000000000000000000e+00
0.000000000000000000e+00
0.000000000000000000e+00
0.000000000000000000e+00
0.000000000000000000e+00
0.000000000000000000e+00
0.000000000000000000e+00
0.000000000000000000e+00
0.000000000000000000e+00
0.000000000000000000e+00
0.000000000000000000e+00
0.000000000000000000e+00
0.000000000000000000e+00
0.000000000000000000e+00
0.000000000000000000e+00
0.000000000000000000e+00
0.000000000000000000e+00
0.000000000000000000e+00
0.000000000000000000e+00
0.000000000000000000e+00
0.000000000000000000e+00
0.000000000000000000e+00
0.000000000000000000e+00
0.000000000000000000e+00
0.000000000000000000e+00
0.000000000000000000e+00
0.000000000000000000e+00
0.000000000000000000e+00
0.000000000000000000e+00
0.000000000000000000e+00
0.000000000000000000e+00
0.000000000000000000e+00
0.000000000000000000e+00
0.000000000000000000e+00
0.000000000000000000e+00
0.000000000000000000e+00
1.583571590045878066e-02
1.400156850091608396e+00
2.838493490157730559e+00
4.329000120398752927e+00
5.926953044874085919e+00
7.772972900579976141e+00
9.748886111726159598e+00
1.193684489366770940e+01
1.430863976850455721e+01
1.695756758327418723e+01
1.985131456236529246e+01
2.285112684685078577e+01
2.614940728711661322e+01
2.960127354574717629e+01
3.290499222830015214e+01
3.629562405596100660e+01
3.923054975240574294e+01
4.191412755055130646e+01
4.426975601028551921e+01
4.634910374975172687e+01
4.807895694892842187e+01
4.929775641283866605e+01
5.008442493794955652e+01
5.045000398975673050e+01
5.027161809231814260e+01
4.976231055657493130e+01
4.873730741349029216e+01
4.731272309349946426e+01
4.555058116063810303e+01
4.352442157793201716e+01
4.127092630480344582e+01
3.884093471337157411e+01
3.625686408441850972e+01
3.346736218152093301e+01
3.065800891630808778e+01
2.772085707165675927e+01
2.508223020556826199e+01
2.250557061388338909e+01
1.998228683152370877e+01
1.731186299094505543e+01
1.495879131992166222e+01
1.286108794878111361e+01
1.096313361331477054e+01
8.986867423365863417e+00
7.396434095288364929e+00
5.711084296578046171e+00
4.272335524340985735e+00
3.101303059476365309e+00
2.050694622064102912e+00
1.078454991320789480e+00
2.076642957457622285e-01
0.000000000000000000e+00
0.000000000000000000e+00
0.000000000000000000e+00
0.000000000000000000e+00
0.000000000000000000e+00
0.000000000000000000e+00
0.000000000000000000e+00
0.000000000000000000e+00
0.000000000000000000e+00
0.000000000000000000e+00
0.000000000000000000e+00
0.000000000000000000e+00
0.000000000000000000e+00
0.000000000000000000e+00
0.000000000000000000e+00
0.000000000000000000e+00
0.000000000000000000e+00
0.000000000000000000e+00
0.000000000000000000e+00
0.000000000000000000e+00
0.000000000000000000e+00
8.512837043158345551e-01
2.017563256863428744e+00
3.044076097699874861e+00
3.739882974659125559e+00
4.280771299547069475e+00
4.627974555157083891e+00
4.802032519615464068e+00
4.878674460189724726e+00
4.753451140724759050e+00
4.487694335471871909e+00
4.244068210534583052e+00
4.363078389902023346e+00
4.354224823812249845e+00
4.432139740501343184e+00
4.752898626102440183e+00
5.474228883720475558e+00
6.525563986962254148e+00
7.898255100596879075e+00
9.564897579902902791e+00
1.144955691113728236e+01
1.344142238496056407e+01
1.525649550873418470e+01
1.691524597281374653e+01
1.854845643633596453e+01
1.964950013195092993e+01
2.041825746649253759e+01
2.076954509953666417e+01
2.070825281667065099e+01
2.035108774615025951e+01
1.970036035718743506e+01
1.874808836662883849e+01
1.725254006064061585e+01
1.568651360066678535e+01
1.426261119478525075e+01
1.264243665920180959e+01
1.105800530360625800e+01
9.320951916234289314e+00
7.719330117313525363e+00
6.136901593403226940e+00
4.590534750810742359e+00
3.061638741334096636e+00
1.567695400457182142e+00
3.851234511858639409e-02
0.000000000000000000e+00
0.000000000000000000e+00
0.000000000000000000e+00
0.000000000000000000e+00
0.000000000000000000e+00
0.000000000000000000e+00
0.000000000000000000e+00
0.000000000000000000e+00
0.000000000000000000e+00
0.000000000000000000e+00
0.000000000000000000e+00
0.000000000000000000e+00
0.000000000000000000e+00
0.000000000000000000e+00
0.000000000000000000e+00
0.000000000000000000e+00
0.000000000000000000e+00
0.000000000000000000e+00
0.000000000000000000e+00
0.000000000000000000e+00
0.000000000000000000e+00
0.000000000000000000e+00
0.000000000000000000e+00
0.000000000000000000e+00
0.000000000000000000e+00
0.000000000000000000e+00
0.000000000000000000e+00
0.000000000000000000e+00
0.000000000000000000e+00
0.000000000000000000e+00
0.000000000000000000e+00
0.000000000000000000e+00
0.000000000000000000e+00
0.000000000000000000e+00
0.000000000000000000e+00
0.000000000000000000e+00
0.000000000000000000e+00
0.000000000000000000e+00
0.000000000000000000e+00
0.000000000000000000e+00
0.000000000000000000e+00
0.000000000000000000e+00
0.000000000000000000e+00
0.000000000000000000e+00
0.000000000000000000e+00
0.000000000000000000e+00
0.000000000000000000e+00
0.000000000000000000e+00
0.000000000000000000e+00
9.102194198245531220e-01
2.499953648191784339e+00
4.160890820701476756e+00
5.978970846835348851e+00
7.980892570259424446e+00
1.010441525653564021e+01
1.241473898563927314e+01
1.496760628625892231e+01
1.772328678173689909e+01
2.074840503450859330e+01
2.397937680942874650e+01
2.692558959897418802e+01
3.004506079952865605e+01
3.303606773728758839e+01
3.593976698372639333e+01
3.864263848299876258e+01
4.119979163838303293e+01
4.366831902342357807e+01
4.544481652575243658e+01
4.707146986115924392e+01
4.805752425774664971e+01
4.863316187924051093e+01
4.905394850208725188e+01
4.870517970195084700e+01
4.799828930118224690e+01
4.686604119674528590e+01
4.541001606684301350e+01
4.366428627258253670e+01
4.168778712266242792e+01
3.957205855121440408e+01
3.726396673613854915e+01
3.500457789192993374e+01
3.260275447240623947e+01
3.012396314079157023e+01
2.767808112367436024e+01
2.521100933250357912e+01
2.273671533048331739e+01
2.021849559969478705e+01
1.783407306112337309e+01
1.545930690458215828e+01
1.332559757847744564e+01
1.131551935690296595e+01
9.151410475352006912e+00
7.432991390431691769e+00
5.851142274641552454e+00
4.401883184341072841e+00
3.132856390934293245e+00
1.996045494542184162e+00
9.464130009238194141e-01
0.000000000000000000e+00
0.000000000000000000e+00
0.000000000000000000e+00
0.000000000000000000e+00
0.000000000000000000e+00
0.000000000000000000e+00
0.000000000000000000e+00
0.000000000000000000e+00
0.000000000000000000e+00
0.000000000000000000e+00
0.000000000000000000e+00
0.000000000000000000e+00
0.000000000000000000e+00
0.000000000000000000e+00
0.000000000000000000e+00
0.000000000000000000e+00
0.000000000000000000e+00
0.000000000000000000e+00
0.000000000000000000e+00
0.000000000000000000e+00
0.000000000000000000e+00
0.000000000000000000e+00
8.652627348147025055e-01
1.750613830602226306e+00
2.671077523328683423e+00
3.238310188717929528e+00
3.787114510510466214e+00
4.020607522756044716e+00
4.099331255607866709e+00
4.049474261498035688e+00
3.912632300923905238e+00
3.733700852022766359e+00
3.563835354379816245e+00
3.478002565322499962e+00
3.840314206718044243e+00
4.245296357414251709e+00
4.925334489613413247e+00
5.937571175041233218e+00
7.270698208966732246e+00
9.077959867732486643e+00
1.083021683797560364e+01
1.272256650424294122e+01
1.451791717604720056e+01
1.616692772667937916e+01
1.757633588475871989e+01
1.860783224770883493e+01
1.923480964981092001e+01
1.954658844844671961e+01
1.951914367815829365e+01
1.919043795957581366e+01
1.855818549555848662e+01
1.770769570129729686e+01
1.672024157999925364e+01
1.558361863423836091e+01
1.413355556823346504e+01
1.273051501625180748e+01
1.127688422084495201e+01
9.852443157009650676e+00
8.405057597045143325e+00
6.777895422290587391e+00
5.354162762795389163e+00
3.924359682008059735e+00
2.562812585208478211e+00
1.137857259921356778e+00
0.000000000000000000e+00
0.000000000000000000e+00
0.000000000000000000e+00
0.000000000000000000e+00
0.000000000000000000e+00
0.000000000000000000e+00
0.000000000000000000e+00
0.000000000000000000e+00
0.000000000000000000e+00
0.000000000000000000e+00
0.000000000000000000e+00
0.000000000000000000e+00
0.000000000000000000e+00
0.000000000000000000e+00
0.000000000000000000e+00
0.000000000000000000e+00
0.000000000000000000e+00
0.000000000000000000e+00
0.000000000000000000e+00
0.000000000000000000e+00
0.000000000000000000e+00
0.000000000000000000e+00
0.000000000000000000e+00
0.000000000000000000e+00
0.000000000000000000e+00
0.000000000000000000e+00
0.000000000000000000e+00
0.000000000000000000e+00
0.000000000000000000e+00
0.000000000000000000e+00
0.000000000000000000e+00
0.000000000000000000e+00
0.000000000000000000e+00
0.000000000000000000e+00
0.000000000000000000e+00
0.000000000000000000e+00
0.000000000000000000e+00
0.000000000000000000e+00
0.000000000000000000e+00
0.000000000000000000e+00
0.000000000000000000e+00
0.000000000000000000e+00
0.000000000000000000e+00
0.000000000000000000e+00
0.000000000000000000e+00
0.000000000000000000e+00
0.000000000000000000e+00
2.923428068410363068e-01
1.507767527821626707e+00
2.786020110924074089e+00
4.100757534533399529e+00
5.554843590240411189e+00
7.139042326836409380e+00
8.855782882074334950e+00
1.087068007944583670e+01
1.311514641939503534e+01
1.567387333445013375e+01
1.861524828088254679e+01
2.153785190087515744e+01
2.442945161376582419e+01
2.748513559671933137e+01
3.033738861992480906e+01
3.346640380145163363e+01
3.639217700159426272e+01
3.898650360466074716e+01
4.123788508724621948e+01
4.315988979444318829e+01
4.467554927797127817e+01
4.648145630807220385e+01
4.753511728995712105e+01
4.784142630900352344e+01
4.771046336361759188e+01
4.718767211101492620e+01
4.635869752671297306e+01
4.501683745653710389e+01
4.342958805996084948e+01
4.156506848221525274e+01
3.933781070426275761e+01
3.711444185276544516e+01
3.476977465275263057e+01
3.228903609855804291e+01
2.978074065053255737e+01
2.714574949182120633e+01
2.450565574486393317e+01
2.191369652989023109e+01
1.949509055067064622e+01
1.716498340903166309e+01
1.498366820031573177e+01
1.253310224747171020e+01
1.022409382762324270e+01
8.194358389984243374e+00
6.582814192537198572e+00
5.157393792612886330e+00
3.412952329593407441e+00
2.409007497772229556e+00
1.507570465597887210e+00
5.889819029750841262e-01
0.000000000000000000e+00
0.000000000000000000e+00
0.000000000000000000e+00
0.000000000000000000e+00
0.000000000000000000e+00
0.000000000000000000e+00
0.000000000000000000e+00
0.000000000000000000e+00
0.000000000000000000e+00
0.000000000000000000e+00
0.000000000000000000e+00
0.000000000000000000e+00
0.000000000000000000e+00
0.000000000000000000e+00
0.000000000000000000e+00
0.000000000000000000e+00
0.000000000000000000e+00
0.000000000000000000e+00
0.000000000000000000e+00
0.000000000000000000e+00
0.000000000000000000e+00
0.000000000000000000e+00
0.000000000000000000e+00
7.894216021790788629e-01
1.598579269166228833e+00
2.549816492640893273e+00
3.328921032661912971e+00
4.109483490728424115e+00
4.753281350328285804e+00
5.203840025316477380e+00
5.555513901126117204e+00
5.661070139464517759e+00
5.616311542825728864e+00
5.674259540571817695e+00
5.488315761447187136e+00
5.137868191275041241e+00
4.767704001216420018e+00
4.310582298127075163e+00
3.966023588272337363e+00
3.779478460096514780e+00
3.863983915329461727e+00
4.208942833075204781e+00
4.934273832109856706e+00
5.944582867351276612e+00
7.282256718785643734e+00
8.821140842163439189e+00
1.050769388900847900e+01
1.223060719812792208e+01
1.389694279684553635e+01
1.542893258935755796e+01
1.670458107774789980e+01
1.765182495504941684e+01
1.829948393123699191e+01
1.843301976038354795e+01
1.825000316659890132e+01
1.787346647549657419e+01
1.712894479567414763e+01
1.651975695068681560e+01
1.551866817549134225e+01
1.439278016630711221e+01
1.318965844065310833e+01
1.195876698435175811e+01
1.077526483965986337e+01
9.684468492508679915e+00
8.440447687927047582e+00
7.424494677219934502e+00
6.274805087612271848e+00
5.039756698307261473e+00
3.860482196957802703e+00
2.798750933284564812e+00
1.823722750613440358e+00
8.230260769457409253e-01
1.109848030429674316e-02
0.000000000000000000e+00
0.000000000000000000e+00
0.000000000000000000e+00
0.000000000000000000e+00
0.000000000000000000e+00
0.000000000000000000e+00
0.000000000000000000e+00
0.000000000000000000e+00
0.000000000000000000e+00
0.000000000000000000e+00
0.000000000000000000e+00
0.000000000000000000e+00
0.000000000000000000e+00
0.000000000000000000e+00
0.000000000000000000e+00
0.000000000000000000e+00
0.000000000000000000e+00
0.000000000000000000e+00
0.000000000000000000e+00
0.000000000000000000e+00
0.000000000000000000e+00
0.000000000000000000e+00
0.000000000000000000e+00
0.000000000000000000e+00
0.000000000000000000e+00
0.000000000000000000e+00
0.000000000000000000e+00
0.000000000000000000e+00
0.000000000000000000e+00
0.000000000000000000e+00
0.000000000000000000e+00
0.000000000000000000e+00
0.000000000000000000e+00
0.000000000000000000e+00
0.000000000000000000e+00
0.000000000000000000e+00
0.000000000000000000e+00
0.000000000000000000e+00
5.654216488158674697e-02
6.470371160298423741e-01
1.432125666909105144e+00
2.196956074385894464e+00
3.065594703233626817e+00
4.040376773205000660e+00
5.085737289133148487e+00
6.189407529826731924e+00
7.436070084994272023e+00
8.850825832492621004e+00
1.038506046421904649e+01
1.217206304951129248e+01
1.422807325759181474e+01
1.658341636446557743e+01
1.915235097334187131e+01
2.190864375562841460e+01
2.496808984725936398e+01
2.853040042746143001e+01
3.185022812031719042e+01
3.499262207198136565e+01
3.823701253612648543e+01
4.094342082628152468e+01
4.331246990151192477e+01
4.519069831234121892e+01
4.662115528541433207e+01
4.799931000907001533e+01
4.846764582178685288e+01
4.822323847407254505e+01
4.756784597720509566e+01
4.635066856883372566e+01
4.475237765621383801e+01
4.284888889430948211e+01
4.066939232120307679e+01
3.833609453749994600e+01
3.583022498553199142e+01
3.332144310429126932e+01
3.079719887003684775e+01
2.822566771337771740e+01
2.556677138320172560e+01
2.305534307233988756e+01
2.049382008205616756e+01
1.809002998494169745e+01
1.576245741855754545e+01
1.356796797966432599e+01
1.145620056164418088e+01
8.831350159109160103e+00
6.656605997155210730e+00
4.771578666221916620e+00
2.977505067309443643e+00
1.398659905014298932e+00
0.000000000000000000e+00
0.000000000000000000e+00
0.000000000000000000e+00
0.000000000000000000e+00
0.000000000000000000e+00
0.000000000000000000e+00
0.000000000000000000e+00
0.000000000000000000e+00
0.000000000000000000e+00
0.000000000000000000e+00
0.000000000000000000e+00
0.000000000000000000e+00
0.000000000000000000e+00
0.000000000000000000e+00
0.000000000000000000e+00
0.000000000000000000e+00
0.000000000000000000e+00
0.000000000000000000e+00
0.000000000000000000e+00
0.000000000000000000e+00
0.000000000000000000e+00
0.000000000000000000e+00
0.000000000000000000e+00
0.000000000000000000e+00
0.000000000000000000e+00
0.000000000000000000e+00
0.000000000000000000e+00
0.000000000000000000e+00
0.000000000000000000e+00
8.384394042481103648e-01
1.748357235902928686e+00
2.071535209431317082e+00
2.269017762612979716e+00
2.274893350397185099e+00
2.169611835051376669e+00
2.032159541072715125e+00
1.956465679941283398e+00
2.009482085752483993e+00
2.382857555293350416e+00
3.011887896714732893e+00
4.000380631430086709e+00
5.491475281189309499e+00
7.237639725961415138e+00
9.262812693063384728e+00
1.151396148263784092e+01
1.386934710608132804e+01
1.599852098249018972e+01
1.796109912472840620e+01
1.948586678423885843e+01
2.043885377262378711e+01
2.081978727311415867e+01
2.102273826431246562e+01
2.079570579675799991e+01
2.016900712474193824e+01
1.926642195492516052e+01
1.812323070368574562e+01
1.678603851356892562e+01
1.535149927356848742e+01
1.376324130067516904e+01
1.213737056616547960e+01
1.058960812833280940e+01
9.054813607202623515e+00
7.484712405043779881e+00
6.067957144361817434e+00
4.637460596876187502e+00
3.022360196253748299e+00
1.675578264715907428e+00
1.490053185134910529e-01
0.000000000000000000e+00
0.000000000000000000e+00
0.000000000000000000e+00
0.000000000000000000e+00
0.000000000000000000e+00
0.000000000000000000e+00
0.000000000000000000e+00
0.000000000000000000e+00
0.000000000000000000e+00
0.000000000000000000e+00
0.000000000000000000e+00
0.000000000000000000e+00
0.000000000000000000e+00
0.000000000000000000e+00
0.000000000000000000e+00
0.000000000000000000e+00
0.000000000000000000e+00
0.000000000000000000e+00
0.000000000000000000e+00
0.000000000000000000e+00
0.000000000000000000e+00
0.000000000000000000e+00
0.000000000000000000e+00
0.000000000000000000e+00
0.000000000000000000e+00
0.000000000000000000e+00
0.000000000000000000e+00
0.000000000000000000e+00
0.000000000000000000e+00
0.000000000000000000e+00
0.000000000000000000e+00
0.000000000000000000e+00
0.000000000000000000e+00
0.000000000000000000e+00
0.000000000000000000e+00
0.000000000000000000e+00
0.000000000000000000e+00
0.000000000000000000e+00
0.000000000000000000e+00
0.000000000000000000e+00
0.000000000000000000e+00
0.000000000000000000e+00
0.000000000000000000e+00
0.000000000000000000e+00
1.473572258842885674e-01
1.110931895834468497e+00
2.111749150437100653e+00
3.139858384103419109e+00
4.170827995856113191e+00
5.238575568072654676e+00
6.437334387291031135e+00
7.687067802923356119e+00
9.180831658623622715e+00
1.078579025524823543e+01
1.255136531054071014e+01
1.454583017323697902e+01
1.677762499452239453e+01
1.936932838730488982e+01
2.204397344260512881e+01
2.481498934180837068e+01
2.762522965518139983e+01
3.039032243282269974e+01
3.304923261388457689e+01
3.584087348427944875e+01
3.834426664845230448e+01
4.068387577751690287e+01
4.259598430719698570e+01
4.408375361771831535e+01
4.526943808367494881e+01
4.612983087892254730e+01
4.640082294032511356e+01
4.621296926768264512e+01
4.564862882408428391e+01
4.463991616790877259e+01
4.333684637790632621e+01
4.182032509347109794e+01
4.008134929848782235e+01
3.800112083475266900e+01
3.587473134037193034e+01
3.367841157251453410e+01
3.145821449884690679e+01
2.919591389311258567e+01
2.693888087686801924e+01
2.464335758495782258e+01
2.245198780887528756e+01
2.023035118988762093e+01
1.813235985051644761e+01
1.611356772060503317e+01
1.419689359583433408e+01
1.220626156320424549e+01
1.045596210494936251e+01
8.826034988820239846e+00
7.281661722620555111e+00
5.983359057091202082e+00
4.795230460741885636e+00
3.596684445240495798e+00
2.469630003759697878e+00
1.544314087889536502e+00
7.532151652060279368e-01
4.141393859171138905e-03
0.000000000000000000e+00
0.000000000000000000e+00
0.000000000000000000e+00
0.000000000000000000e+00
0.000000000000000000e+00
0.000000000000000000e+00
0.000000000000000000e+00
0.000000000000000000e+00
0.000000000000000000e+00
0.000000000000000000e+00
0.000000000000000000e+00
0.000000000000000000e+00
0.000000000000000000e+00
0.000000000000000000e+00
0.000000000000000000e+00
0.000000000000000000e+00
0.000000000000000000e+00
0.000000000000000000e+00
0.000000000000000000e+00
0.000000000000000000e+00
0.000000000000000000e+00
0.000000000000000000e+00
1.158101161184990069e-01
5.620973452055526565e-01
1.122051768258258697e+00
1.446552065473121651e+00
1.613577714637924876e+00
1.763938140083209039e+00
1.827314763642769124e+00
1.831360326530043992e+00
1.691039411060525133e+00
1.371326807004636272e+00
1.104286840527549218e+00
8.387524136565223110e-01
7.248084402455035047e-01
8.539529272034762641e-01
1.398104855239720168e+00
2.214281917915331910e+00
3.471586112469398966e+00
5.232116212593508564e+00
7.386853103667495368e+00
9.766302237656574903e+00
1.235522973864419072e+01
1.496584663128270876e+01
1.734629566478691132e+01
1.952464378233964482e+01
2.129685584086686490e+01
2.254960306625828181e+01
2.326235911684703694e+01
2.333120350566687762e+01
2.300848396914230420e+01
2.233700562883457152e+01
2.124196486606511769e+01
1.987861099355462002e+01
1.833785758091545759e+01
1.672900293063126753e+01
1.502375304610878004e+01
1.323972536926432397e+01
1.165880332709169664e+01
9.930658602687564951e+00
8.296571907612181107e+00
6.751858582504969952e+00
5.355374870007928223e+00
3.972290718873370263e+00
2.648175772718632803e+00
1.319721264880158174e+00
2.233155172954095699e-02
0.000000000000000000e+00
0.000000000000000000e+00
0.000000000000000000e+00
0.000000000000000000e+00
0.000000000000000000e+00
0.000000000000000000e+00
0.000000000000000000e+00
0.000000000000000000e+00
0.000000000000000000e+00
0.000000000000000000e+00
0.000000000000000000e+00
0.000000000000000000e+00
0.000000000000000000e+00
0.000000000000000000e+00
0.000000000000000000e+00
0.000000000000000000e+00
0.000000000000000000e+00
0.000000000000000000e+00
0.000000000000000000e+00
0.000000000000000000e+00
0.000000000000000000e+00
0.000000000000000000e+00
0.000000000000000000e+00
0.000000000000000000e+00
0.000000000000000000e+00
0.000000000000000000e+00
0.000000000000000000e+00
0.000000000000000000e+00
0.000000000000000000e+00
0.000000000000000000e+00
0.000000000000000000e+00
0.000000000000000000e+00
0.000000000000000000e+00
0.000000000000000000e+00
0.000000000000000000e+00
0.000000000000000000e+00
0.000000000000000000e+00
0.000000000000000000e+00
0.000000000000000000e+00
0.000000000000000000e+00
0.000000000000000000e+00
0.000000000000000000e+00
0.000000000000000000e+00
0.000000000000000000e+00
0.000000000000000000e+00
0.000000000000000000e+00
0.000000000000000000e+00
7.952368995609980784e-01
2.080796423049222632e+00
3.555739697940266897e+00
5.222215303266256825e+00
7.074364708763889453e+00
9.145865195455062491e+00
1.134000606564776525e+01
1.387176150887161441e+01
1.673127340931585394e+01
1.984723563829155424e+01
2.288569280526558813e+01
2.604849749721718766e+01
2.916506456577444695e+01
3.220058596699212927e+01
3.501263220430815437e+01
3.756238641459466976e+01
3.993843892948159180e+01
4.196563066806060505e+01
4.351779239018617318e+01
4.495236599853008386e+01
4.567844080967086029e+01
4.595593251685554037e+01
4.591364808533710118e+01
4.544109613172693685e+01
4.463658436439555999e+01
4.353505557195448716e+01
4.216203006214465177e+01
4.073251330184555741e+01
3.905416703959456015e+01
3.724398233913245804e+01
3.529195019897328933e+01
3.327553033359219370e+01
3.118643241020969370e+01
2.913942897167270374e+01
2.700701084006409047e+01
2.480886201200730312e+01
2.256059605441900118e+01
2.032986068339015873e+01
1.816216482499252649e+01
1.582670100509936084e+01
1.377929781499405948e+01
1.190565580043335103e+01
1.005802147368306265e+01
8.363149865278105111e+00
6.855374188772795918e+00
5.491740592215847094e+00
4.223136879855950099e+00
2.921514825424436523e+00
1.873610562363708043e+00
8.860156461574026920e-01
0.000000000000000000e+00
0.000000000000000000e+00
0.000000000000000000e+00
0.000000000000000000e+00
0.000000000000000000e+00
0.000000000000000000e+00
0.000000000000000000e+00
0.000000000000000000e+00
0.000000000000000000e+00
0.000000000000000000e+00
0.000000000000000000e+00
0.000000000000000000e+00
0.000000000000000000e+00
0.000000000000000000e+00
0.000000000000000000e+00
0.000000000000000000e+00
0.000000000000000000e+00
0.000000000000000000e+00
0.000000000000000000e+00
0.000000000000000000e+00
0.000000000000000000e+00
0.000000000000000000e+00
0.000000000000000000e+00
0.000000000000000000e+00
0.000000000000000000e+00
0.000000000000000000e+00
0.000000000000000000e+00
0.000000000000000000e+00
0.000000000000000000e+00
0.000000000000000000e+00
0.000000000000000000e+00
0.000000000000000000e+00
0.000000000000000000e+00
0.000000000000000000e+00
1.805790102935670716e-01
1.246845836861921741e+00
2.330275707181809874e+00
3.601866230635891508e+00
5.273029107735893284e+00
7.164417982247144323e+00
9.260580944405807813e+00
1.156979754752267375e+01
1.384902920521370007e+01
1.576921229632934640e+01
1.749715090471227441e+01
1.881995504850902989e+01
1.978136916994596461e+01
2.036618366132053382e+01
2.060615342032809849e+01
2.059792287180518144e+01
2.032921969823438246e+01
1.981880462809039400e+01
1.910602115712245563e+01
1.826733476899583053e+01
1.716641582243539688e+01
1.590931859724985742e+01
1.442585074041779514e+01
1.319611682714749001e+01
1.182834035339423906e+01
1.053626091703627310e+01
9.255345038715425687e+00
7.713037539866419934e+00
6.069575494086839385e+00
4.750121715140723566e+00
3.258734168623780292e+00
1.963001350953364366e+00
8.205039830962551628e-01
0.000000000000000000e+00
0.000000000000000000e+00
0.000000000000000000e+00
0.000000000000000000e+00
0.000000000000000000e+00
0.000000000000000000e+00
0.000000000000000000e+00
0.000000000000000000e+00
0.000000000000000000e+00
0.000000000000000000e+00
0.000000000000000000e+00
0.000000000000000000e+00
0.000000000000000000e+00
0.000000000000000000e+00
0.000000000000000000e+00
0.000000000000000000e+00
0.000000000000000000e+00
0.000000000000000000e+00
0.000000000000000000e+00
0.000000000000000000e+00
0.000000000000000000e+00
0.000000000000000000e+00
0.000000000000000000e+00
0.000000000000000000e+00
0.000000000000000000e+00
0.000000000000000000e+00
0.000000000000000000e+00
0.000000000000000000e+00
0.000000000000000000e+00
0.000000000000000000e+00
0.000000000000000000e+00
0.000000000000000000e+00
0.000000000000000000e+00
0.000000000000000000e+00
0.000000000000000000e+00
0.000000000000000000e+00
0.000000000000000000e+00
0.000000000000000000e+00
0.000000000000000000e+00
0.000000000000000000e+00
0.000000000000000000e+00
0.000000000000000000e+00
0.000000000000000000e+00
0.000000000000000000e+00
0.000000000000000000e+00
0.000000000000000000e+00
0.000000000000000000e+00
0.000000000000000000e+00
0.000000000000000000e+00
0.000000000000000000e+00
0.000000000000000000e+00
1.312503383710459159e+00
3.310925357862926521e+00
5.469585556686313410e+00
8.159979437385059597e+00
1.128956838750633551e+01
1.458409841416106545e+01
1.799438387109949034e+01
2.148313647123342207e+01
2.513403327588515523e+01
2.860381195004127619e+01
3.192517332021785847e+01
3.497620891066386406e+01
3.756622689977236007e+01
3.982901091052062981e+01
4.168742043038812284e+01
4.309788244493365994e+01
4.395545356162408268e+01
4.427057918005452564e+01
4.415821539080038605e+01
4.380867479905893447e+01
4.295324145314194197e+01
4.184121222170065124e+01
4.040692358276534435e+01
3.876557935846764735e+01
3.690191958193190658e+01
3.494462665995983741e+01
3.304095174527139278e+01
3.126925888118901398e+01
2.894335705879898057e+01
2.659649780226400395e+01
2.421891389280867202e+01
2.177303685866477068e+01
1.934445820059997700e+01
1.691603810120340157e+01
1.452499076682486390e+01
1.223391924964279909e+01
1.006984203623682994e+01
8.071984106479815679e+00
6.242959625603567986e+00
4.435640436571616441e+00
2.914215410573802956e+00
1.502510847932828852e+00
3.168428124097311116e-01
0.000000000000000000e+00
0.000000000000000000e+00
0.000000000000000000e+00
0.000000000000000000e+00
0.000000000000000000e+00
0.000000000000000000e+00
0.000000000000000000e+00
0.000000000000000000e+00
0.000000000000000000e+00
0.000000000000000000e+00
0.000000000000000000e+00
0.000000000000000000e+00
0.000000000000000000e+00
0.000000000000000000e+00
0.000000000000000000e+00
0.000000000000000000e+00
0.000000000000000000e+00
0.000000000000000000e+00
0.000000000000000000e+00
0.000000000000000000e+00
0.000000000000000000e+00
0.000000000000000000e+00
4.131913817968925762e-01
1.108569134143964963e+00
1.727657006560894493e+00
2.274132646273181901e+00
2.428292193992016568e+00
2.374063259448586205e+00
2.258522595488022588e+00
2.140152190599333704e+00
2.180160645011631537e+00
2.458782092428878130e+00
2.886672836730312941e+00
3.452656583424777104e+00
4.382975815173599798e+00
5.716795981401344484e+00
7.324014415791532784e+00
9.172063979826518221e+00
1.108736341342730292e+01
1.305859978944316424e+01
1.465793399950797848e+01
1.601798465055179221e+01
1.707746704626579159e+01
1.781564447489025582e+01
1.815924747595465405e+01
1.811629927091511405e+01
1.763829022605611385e+01
1.704511422641509810e+01
1.621276320328513165e+01
1.515067276935702800e+01
1.385380355598497459e+01
1.240099421097670707e+01
1.089116524728992452e+01
9.431421432036275476e+00
7.835044430969388962e+00
6.234641674940998968e+00
4.559494783016959651e+00
2.829634224162537404e+00
1.125469698815236397e+00
0.000000000000000000e+00
0.000000000000000000e+00
0.000000000000000000e+00
0.000000000000000000e+00
0.000000000000000000e+00
0.000000000000000000e+00
0.000000000000000000e+00
0.000000000000000000e+00
0.000000000000000000e+00
0.000000000000000000e+00
0.000000000000000000e+00
0.000000000000000000e+00
0.000000000000000000e+00
0.000000000000000000e+00
0.000000000000000000e+00
0.000000000000000000e+00
0.000000000000000000e+00
0.000000000000000000e+00
0.000000000000000000e+00
0.000000000000000000e+00
0.000000000000000000e+00
0.000000000000000000e+00
0.000000000000000000e+00
0.000000000000000000e+00
0.000000000000000000e+00
0.000000000000000000e+00
0.000000000000000000e+00
0.000000000000000000e+00
0.000000000000000000e+00
0.000000000000000000e+00
0.000000000000000000e+00
0.000000000000000000e+00
0.000000000000000000e+00
0.000000000000000000e+00
0.000000000000000000e+00
0.000000000000000000e+00
0.000000000000000000e+00
0.000000000000000000e+00
0.000000000000000000e+00
0.000000000000000000e+00
0.000000000000000000e+00
0.000000000000000000e+00
0.000000000000000000e+00
0.000000000000000000e+00
0.000000000000000000e+00
0.000000000000000000e+00
0.000000000000000000e+00
0.000000000000000000e+00
1.552602740524373193e+00
3.640341747051623500e+00
5.798571146461913628e+00
8.048508130267048699e+00
1.029307175338299629e+01
1.282688093009769403e+01
1.544026420937527888e+01
1.821061515588370483e+01
2.105668182867087168e+01
2.370989108283447067e+01
2.696292721877384224e+01
3.018615225647179301e+01
3.335859040982242618e+01
3.637008364969369012e+01
3.925609602149562249e+01
4.202842079517529328e+01
4.453485201942157801e+01
4.681992850315513266e+01
4.868066835549296911e+01
5.010940603189374087e+01
5.114788956792199315e+01
5.171401438180810572e+01
5.204107626196764613e+01
5.162630271794913028e+01
5.076403788092142833e+01
4.955782621003863397e+01
4.800920456659949309e+01
4.621888638091418500e+01
4.413510708207111577e+01
4.204611148575224178e+01
3.956130316860463125e+01
3.717319124681236531e+01
3.441685715962096737e+01
3.162922298803349719e+01
2.887072700695877714e+01
2.605310778095643087e+01
2.322395101261866657e+01
2.032334368545707903e+01
1.757195617604112314e+01
1.495283277995391558e+01
1.242378665750243272e+01
1.005023032493244628e+01
7.682564644793362874e+00
5.621935718618407130e+00
3.911901736711497879e+00
2.389223788254738690e+00
1.087255675585061088e+00
0.000000000000000000e+00
0.000000000000000000e+00
0.000000000000000000e+00
0.000000000000000000e+00
0.000000000000000000e+00
0.000000000000000000e+00
0.000000000000000000e+00
0.000000000000000000e+00
0.000000000000000000e+00
0.000000000000000000e+00
0.000000000000000000e+00
0.000000000000000000e+00
0.000000000000000000e+00
0.000000000000000000e+00
0.000000000000000000e+00
0.000000000000000000e+00
0.000000000000000000e+00
0.000000000000000000e+00
0.000000000000000000e+00
0.000000000000000000e+00
0.000000000000000000e+00
0.000000000000000000e+00
0.000000000000000000e+00
0.000000000000000000e+00
4.992289621723022819e-01
1.527968501779987553e+00
2.238204267803500347e+00
2.895706749920698542e+00
3.478662272662612853e+00
3.796668122521413391e+00
4.045778532300751351e+00
4.037041917889905740e+00
3.828727105856415847e+00
3.437810602894767253e+00
2.947725245360953039e+00
2.389513343651832766e+00
1.825359065810430170e+00
1.375839220721838840e+00
1.071697407615378017e+00
1.432295084998240320e+00
1.832853570263649479e+00
2.525248229658468624e+00
3.637708237514074572e+00
5.163290732140193739e+00
7.105576210551624250e+00
9.170628723334328214e+00
1.153496788371658965e+01
1.396441776779852262e+01
1.630252863857100820e+01
1.828468626297089017e+01
1.982925359212961780e+01
2.093655223037157498e+01
2.162163055134516298e+01
2.177976275945129458e+01
2.148154074101389455e+01
2.079005524447601516e+01
1.979616069125449584e+01
1.855233127090298240e+01
1.710298566304400580e+01
1.550383468006840104e+01
1.352638425661286981e+01
1.187983244128286309e+01
1.023663799782152850e+01
8.672937394551722079e+00
7.037729160417957708e+00
5.535462454990314640e+00
4.131103301638295200e+00
2.644842109299067712e+00
1.070181878337040038e+00
0.000000000000000000e+00
0.000000000000000000e+00
0.000000000000000000e+00
0.000000000000000000e+00
0.000000000000000000e+00
0.000000000000000000e+00
0.000000000000000000e+00
0.000000000000000000e+00
0.000000000000000000e+00
0.000000000000000000e+00
0.000000000000000000e+00
0.000000000000000000e+00
0.000000000000000000e+00
0.000000000000000000e+00
0.000000000000000000e+00
0.000000000000000000e+00
0.000000000000000000e+00
0.000000000000000000e+00
0.000000000000000000e+00
0.000000000000000000e+00
0.000000000000000000e+00
0.000000000000000000e+00
0.000000000000000000e+00
0.000000000000000000e+00
0.000000000000000000e+00
0.000000000000000000e+00
0.000000000000000000e+00
0.000000000000000000e+00
0.000000000000000000e+00
0.000000000000000000e+00
0.000000000000000000e+00
0.000000000000000000e+00
0.000000000000000000e+00
0.000000000000000000e+00
0.000000000000000000e+00
0.000000000000000000e+00
0.000000000000000000e+00
0.000000000000000000e+00
0.000000000000000000e+00
0.000000000000000000e+00
0.000000000000000000e+00
0.000000000000000000e+00
0.000000000000000000e+00
0.000000000000000000e+00
5.228245472041429531e-01
1.625983167135314877e+00
2.565568177565016317e+00
3.611397514659707042e+00
4.794470971934126524e+00
6.052457990711577196e+00
7.355122615399406705e+00
8.828170512528894065e+00
1.039600749874942487e+01
1.222527399547152527e+01
1.409912546377704601e+01
1.598884267276199722e+01
1.856398895662238147e+01
2.156506838898262401e+01
2.476876401073408118e+01
2.781752712743381295e+01
3.119983106079169488e+01
3.462955246624913741e+01
3.789192355581638338e+01
4.130897320559179775e+01
4.416175323716950629e+01
4.679551940648195796e+01
4.884007888949610532e+01
5.035229841632374104e+01
5.142526244813441849e+01
5.193201545121287666e+01
5.192538895246119068e+01
5.144598964353871651e+01
5.065195750717877132e+01
4.934917971192100339e+01
4.769393100987831247e+01
4.572464223165384567e+01
4.352942521080643701e+01
4.121854814128519706e+01
3.862142003121239497e+01
3.608111933626494050e+01
3.342968065815411194e+01
3.067640335704513888e+01
2.781931912704554932e+01
2.471862188820979966e+01
2.198079844198388955e+01
1.902143130645950109e+01
1.643987398649804632e+01
1.406540980364794535e+01
1.166341794169124491e+01
9.419371283127460970e+00
7.335764347472151670e+00
5.371054904595983892e+00
3.459476181907234604e+00
1.626453266318462099e+00
6.068189570953350792e-02
0.000000000000000000e+00
0.000000000000000000e+00
0.000000000000000000e+00
0.000000000000000000e+00
0.000000000000000000e+00
0.000000000000000000e+00
0.000000000000000000e+00
0.000000000000000000e+00
0.000000000000000000e+00
0.000000000000000000e+00
0.000000000000000000e+00
0.000000000000000000e+00
0.000000000000000000e+00
0.000000000000000000e+00
0.000000000000000000e+00
0.000000000000000000e+00
0.000000000000000000e+00
0.000000000000000000e+00
0.000000000000000000e+00
0.000000000000000000e+00
0.000000000000000000e+00
1.027499855029079701e+00
2.314238924875573478e+00
3.475687499432766892e+00
4.341429186184265987e+00
4.899818296154538899e+00
5.215306370399318325e+00
5.242315982501181360e+00
5.170269396259854489e+00
5.471541440923238575e+00
5.199310453065274729e+00
4.819310015720562390e+00
4.556447565150441470e+00
4.542141540370237429e+00
4.858232095539432471e+00
5.567638488023949783e+00
6.711352193081925321e+00
8.602838994655739313e+00
1.054547347406447955e+01
1.268298641334373400e+01
1.490217332272743000e+01
1.719158726369212076e+01
1.926907586592715305e+01
2.117112630322081657e+01
2.243695828686054838e+01
2.317089054472654297e+01
2.340526034056144411e+01
2.319959811548783435e+01
2.255276212810807834e+01
2.125318986734625781e+01
1.990317393008393765e+01
1.853845329731908009e+01
1.707514018983494353e+01
1.555077989060935728e+01
1.400370559267502202e+01
1.242279227749423143e+01
1.083821933176271912e+01
9.001161755709459200e+00
7.504111074479691723e+00
6.027193187675639940e+00
4.556490359005663571e+00
3.040960465181516970e+00
1.661484514357481235e+00
0.000000000000000000e+00
0.000000000000000000e+00
0.000000000000000000e+00
0.000000000000000000e+00
0.000000000000000000e+00
0.000000000000000000e+00
0.000000000000000000e+00
0.000000000000000000e+00
0.000000000000000000e+00
0.000000000000000000e+00
0.000000000000000000e+00
0.000000000000000000e+00
0.000000000000000000e+00
0.000000000000000000e+00
0.000000000000000000e+00
0.000000000000000000e+00
0.000000000000000000e+00
0.000000000000000000e+00
0.000000000000000000e+00
0.000000000000000000e+00
0.000000000000000000e+00
0.000000000000000000e+00
0.000000000000000000e+00
0.000000000000000000e+00
0.000000000000000000e+00
0.000000000000000000e+00
0.000000000000000000e+00
0.000000000000000000e+00
0.000000000000000000e+00
0.000000000000000000e+00
0.000000000000000000e+00
0.000000000000000000e+00
0.000000000000000000e+00
0.000000000000000000e+00
0.000000000000000000e+00
0.000000000000000000e+00
0.000000000000000000e+00
0.000000000000000000e+00
0.000000000000000000e+00
0.000000000000000000e+00
0.000000000000000000e+00
0.000000000000000000e+00
0.000000000000000000e+00
0.000000000000000000e+00
0.000000000000000000e+00
0.000000000000000000e+00
0.000000000000000000e+00
0.000000000000000000e+00
0.000000000000000000e+00
3.104025660067695203e-01
1.528149705761704613e+00
2.863362048396786985e+00
4.333801648087652225e+00
6.017908352713042142e+00
7.664171938516890492e+00
9.664056586226658752e+00
1.193490091130706254e+01
1.440249827852639264e+01
1.707909043985734954e+01
2.008268555759758556e+01
2.321677469606972011e+01
2.624571966441026305e+01
2.932512744207204136e+01
3.235427012943359415e+01
3.522505475562419974e+01
3.782743987580244038e+01
4.012536671355017148e+01
4.197597882352489052e+01
4.345664019488164342e+01
4.442412619561605425e+01
4.495004344688175024e+01
4.504612199221156033e+01
4.478588872580138514e+01
4.407934815693684527e+01
4.302515964377702318e+01
4.171195119932541218e+01
4.026809187326870187e+01
3.859066576018229000e+01
3.666779767094449483e+01
3.474046223245500187e+01
3.275982391795081838e+01
3.067475680006568339e+01
2.855978122242119355e+01
2.642900409856571287e+01
2.421686375818748260e+01
2.204017891259541528e+01
1.984623020110998937e+01
1.771636415340463699e+01
1.564885345589124199e+01
1.366088826678736545e+01
1.176466884464282536e+01
9.961878451574539994e+00
8.268309856675539748e+00
6.712053815377050370e+00
5.303123295519296398e+00
3.988401091483456451e+00
2.656704359338967425e+00
1.514233663705089494e+00
5.648111374045367006e-01
0.000000000000000000e+00
0.000000000000000000e+00
0.000000000000000000e+00
0.000000000000000000e+00
0.000000000000000000e+00
0.000000000000000000e+00
0.000000000000000000e+00
0.000000000000000000e+00
0.000000000000000000e+00
0.000000000000000000e+00
0.000000000000000000e+00
0.000000000000000000e+00
0.000000000000000000e+00
0.000000000000000000e+00
0.000000000000000000e+00
0.000000000000000000e+00
0.000000000000000000e+00
0.000000000000000000e+00
0.000000000000000000e+00
0.000000000000000000e+00
0.000000000000000000e+00
9.240407008012682111e-01
2.163213640694173545e+00
3.046747088716436735e+00
3.851228516144836078e+00
4.529918445626559098e+00
5.067214703766740769e+00
5.418020149719529499e+00
5.578370811213165581e+00
5.538727512491350424e+00
5.482243157513504883e+00
5.553020861732382407e+00
5.230964989674801835e+00
5.139248703552896202e+00
5.166624628826326671e+00
5.321169824050995700e+00
5.799213167223248533e+00
6.601342699916395773e+00
7.737990308030089359e+00
9.283593738060037737e+00
1.113012002087019958e+01
1.297330724347207287e+01
1.490359175631307131e+01
1.685580321859983499e+01
1.868600391871591881e+01
2.025238918127200805e+01
2.129263646394633369e+01
2.196868815395611918e+01
2.222987142760042900e+01
2.213477178186596461e+01
2.165251726357232087e+01
2.070593724391882517e+01
1.966167254385399943e+01
1.837066923293115650e+01
1.700997115459686526e+01
1.550208909127784551e+01
1.416715635918372129e+01
1.287273635781907366e+01
1.153247018170437599e+01
1.022966240676425898e+01
8.909153810748192015e+00
7.620464855130378190e+00
6.283390534195018695e+00
4.937917348295969511e+00
3.645059915415419294e+00
2.180579826290375056e+00
1.064266776117710478e+00
0.000000000000000000e+00
0.000000000000000000e+00
0.000000000000000000e+00
0.000000000000000000e+00
0.000000000000000000e+00
0.000000000000000000e+00
0.000000000000000000e+00
0.000000000000000000e+00
0.000000000000000000e+00
0.000000000000000000e+00
0.000000000000000000e+00
0.000000000000000000e+00
0.000000000000000000e+00
0.000000000000000000e+00
0.000000000000000000e+00
0.000000000000000000e+00
0.000000000000000000e+00
0.000000000000000000e+00
0.000000000000000000e+00
0.000000000000000000e+00
0.000000000000000000e+00
0.000000000000000000e+00
0.000000000000000000e+00
0.000000000000000000e+00
0.000000000000000000e+00
0.000000000000000000e+00
0.000000000000000000e+00
0.000000000000000000e+00
0.000000000000000000e+00
0.000000000000000000e+00
0.000000000000000000e+00
0.000000000000000000e+00
0.000000000000000000e+00
0.000000000000000000e+00
0.000000000000000000e+00
0.000000000000000000e+00
0.000000000000000000e+00
0.000000000000000000e+00
0.000000000000000000e+00
0.000000000000000000e+00
0.000000000000000000e+00
0.000000000000000000e+00
0.000000000000000000e+00
0.000000000000000000e+00
0.000000000000000000e+00
0.000000000000000000e+00
0.000000000000000000e+00
0.000000000000000000e+00
6.737106258774905321e-01
1.603565543332434506e+00
2.738110076446996999e+00
4.124644805056684405e+00
5.809519857457157599e+00
7.810444297769549848e+00
1.023636410035654976e+01
1.297432063721967133e+01
1.615376341247080560e+01
1.938893144808899294e+01
2.272809933335381771e+01
2.621444268865231564e+01
2.951474567269390548e+01
3.264681772168579954e+01
3.600524705163839911e+01
3.871606672208539379e+01
4.082232100029812472e+01
4.242106055861644620e+01
4.357226031446309378e+01
4.429740042834197311e+01
4.451946323894100033e+01
4.425573283799280944e+01
4.384412891645401089e+01
4.303643223148327479e+01
4.169928182626994584e+01
4.009737196411542470e+01
3.818632589458344739e+01
3.606156152516037849e+01
3.373645144297573495e+01
3.134713364725446638e+01
2.882831431580035542e+01
2.623156827445700401e+01
2.365239519091349507e+01
2.106534296133398598e+01
1.825724264866766688e+01
1.561946338222913155e+01
1.326776961535133026e+01
1.105700258563327765e+01
9.013885757260180043e+00
7.090189313691382722e+00
5.345305915252140494e+00
3.771892665286416424e+00
2.189846506705631857e+00
5.634326146188189943e-01
0.000000000000000000e+00
0.000000000000000000e+00
0.000000000000000000e+00
0.000000000000000000e+00
0.000000000000000000e+00
0.000000000000000000e+00
0.000000000000000000e+00
0.000000000000000000e+00
0.000000000000000000e+00
0.000000000000000000e+00
0.000000000000000000e+00
0.000000000000000000e+00
0.000000000000000000e+00
0.000000000000000000e+00
0.000000000000000000e+00
0.000000000000000000e+00
0.000000000000000000e+00
0.000000000000000000e+00
0.000000000000000000e+00
0.000000000000000000e+00
0.000000000000000000e+00
0.000000000000000000e+00
1.052657147575666974e+00
2.100682606491283799e+00
2.995672538106866511e+00
3.689818030368663848e+00
4.188813541577586896e+00
4.758545221964030958e+00
5.226005067636894097e+00
5.404483166156278884e+00
5.193819630443131885e+00
4.816282872263603743e+00
4.456271414354382898e+00
4.250748416469067870e+00
4.191159713113231433e+00
4.446104108302870728e+00
5.123011936490681428e+00
6.162775132987341919e+00
7.691903504583269324e+00
9.621956103212987443e+00
1.157003580647733720e+01
1.373959585825916285e+01
1.601921157080102631e+01
1.822133883926418818e+01
2.003881679269809624e+01
2.149256609544238472e+01
2.243951052682677272e+01
2.277458685849086351e+01
2.238633610131083529e+01
2.155995783584809544e+01
2.060648305782455481e+01
1.946720964529870912e+01
1.814513516759420853e+01
1.655632573351753578e+01
1.499427980215865652e+01
1.339433600457073936e+01
1.172939008133409544e+01
1.016402404541350712e+01
8.516222997694413266e+00
6.809558238351704595e+00
5.338404780660429338e+00
3.977285271739051442e+00
2.592740988114472955e+00
1.191290564579114530e+00
0.000000000000000000e+00
0.000000000000000000e+00
0.000000000000000000e+00
0.000000000000000000e+00
0.000000000000000000e+00
0.000000000000000000e+00
0.000000000000000000e+00
0.000000000000000000e+00
0.000000000000000000e+00
0.000000000000000000e+00
0.000000000000000000e+00
0.000000000000000000e+00
0.000000000000000000e+00
0.000000000000000000e+00
0.000000000000000000e+00
0.000000000000000000e+00
0.000000000000000000e+00
0.000000000000000000e+00
0.000000000000000000e+00
0.000000000000000000e+00
0.000000000000000000e+00
0.000000000000000000e+00
0.000000000000000000e+00
0.000000000000000000e+00
0.000000000000000000e+00
0.000000000000000000e+00
0.000000000000000000e+00
0.000000000000000000e+00
0.000000000000000000e+00
0.000000000000000000e+00
0.000000000000000000e+00
0.000000000000000000e+00
0.000000000000000000e+00
0.000000000000000000e+00
0.000000000000000000e+00
0.000000000000000000e+00
0.000000000000000000e+00
0.000000000000000000e+00
0.000000000000000000e+00
0.000000000000000000e+00
0.000000000000000000e+00
0.000000000000000000e+00
0.000000000000000000e+00
0.000000000000000000e+00
0.000000000000000000e+00
0.000000000000000000e+00
3.830497014730056549e-01
1.383002082250307074e+00
2.364336943830725346e+00
3.360279755433941862e+00
4.320792528249481457e+00
5.398534969050821530e+00
6.606995001743619866e+00
7.945821509885153233e+00
9.395125814941867048e+00
1.108177199351976583e+01
1.297279580614445926e+01
1.509490376187930138e+01
1.757292794301367778e+01
2.027611362514768345e+01
2.304583683419899032e+01
2.617881398803939419e+01
2.936025387957896271e+01
3.249923493352956427e+01
3.554346137899473490e+01
3.844967938118193018e+01
4.114647793341497817e+01
4.359810840493832274e+01
4.555506074297679930e+01
4.697719968154132886e+01
4.790462114743311162e+01
4.831806639872568354e+01
4.821156729156548693e+01
4.768245146114119848e+01
4.703704832423977678e+01
4.571569042093611301e+01
4.403176208913892253e+01
4.210524682823624687e+01
4.001388967914625994e+01
3.784371082017118226e+01
3.553781886246402877e+01
3.316816892860359189e+01
3.067568445578503145e+01
2.829760678011587771e+01
2.587029767191639351e+01
2.352471420840607763e+01
2.123492247980221848e+01
1.885425370139225265e+01
1.666978647725253282e+01
1.452856048028876756e+01
1.256652626851243681e+01
1.068236278803856720e+01
8.930200833665045579e+00
7.248979626271816024e+00
5.228612771652915825e+00
3.689707696375327473e+00
2.388926997462689883e+00
1.207590514643146928e+00
1.059016792517315508e-01
0.000000000000000000e+00
0.000000000000000000e+00
0.000000000000000000e+00
0.000000000000000000e+00
0.000000000000000000e+00
0.000000000000000000e+00
0.000000000000000000e+00
0.000000000000000000e+00
0.000000000000000000e+00
0.000000000000000000e+00
0.000000000000000000e+00
0.000000000000000000e+00
0.000000000000000000e+00
0.000000000000000000e+00
0.000000000000000000e+00
0.000000000000000000e+00
0.000000000000000000e+00
0.000000000000000000e+00
0.000000000000000000e+00
0.000000000000000000e+00
4.818222162730050329e-01
1.391560193495007702e+00
2.263753405181600620e+00
3.090018684311633734e+00
3.750302532102398612e+00
4.288256189176053113e+00
4.716603512933846609e+00
4.958738127239491256e+00
5.014798523031319455e+00
4.953645981428216771e+00
4.680074912648566787e+00
4.309012594389925788e+00
3.883395541933879258e+00
3.611305823263307957e+00
3.254878297778354579e+00
3.210106597590297817e+00
3.353068145172085401e+00
3.821585315412963979e+00
4.653764314611714248e+00
5.782248845948177340e+00
7.282436698322436897e+00
9.105565896486700339e+00
1.116070314494778692e+01
1.315391719243458013e+01
1.516488725876892829e+01
1.698075401931253126e+01
1.842217257823139320e+01
1.946902950576723867e+01
2.008387782535700339e+01
2.024487322895267738e+01
1.998335250509883920e+01
1.935877415038566340e+01
1.844163650592035353e+01
1.709175990348711238e+01
1.576286923048576050e+01
1.423654075937535701e+01
1.270377001072859358e+01
1.097137446081236334e+01
9.312156885872978407e+00
7.826106393909519454e+00
6.374302785290844930e+00
4.849861870103056916e+00
3.341796886138203693e+00
1.993519259945340183e+00
6.259709309998163773e-01
0.000000000000000000e+00
0.000000000000000000e+00
0.000000000000000000e+00
0.000000000000000000e+00
