1.743609133701987091e+01
8.061070969897791372e+00
6.618490900115673092e+00
5.253624066574586138e+00
4.075327665846148584e+00
3.126405053390478805e+00
2.322483613913471689e+00
1.818811832447098320e+00
1.562753396845294240e+00
1.581453624944152425e+00
1.887139032210224165e+00
2.464008127434111461e+00
3.269948658754372683e+00
4.563232082940587020e+00
6.058290986867516992e+00
8.282477504845287442e+00
1.121368805512736699e+01
1.783809852352485592e+01
2.059858680280824217e+01
2.226708190519189401e+01
2.307996073445583818e+01
2.289163150195691188e+01
2.172451727177537961e+01
1.833326894837504284e+01
1.064373391764063115e+01
6.304850115816668321e+00
3.001383762964918489e+00
0.000000000000000000e+00
0.000000000000000000e+00
0.000000000000000000e+00
0.000000000000000000e+00
0.000000000000000000e+00
0.000000000000000000e+00
0.000000000000000000e+00
0.000000000000000000e+00
2.570287193820487648e+00
6.638283616086820160e+00
1.611750485064549920e+01
2.103210327392665135e+01
2.422730211447572302e+01
2.639069710521681245e+01
2.807095522224520323e+01
2.916440293311590182e+01
2.998337714731308168e+01
3.057530783942239694e+01
3.090987189781784039e+01
3.121942156057111717e+01
3.138846927793349550e+01
3.176437513077555508e+01
3.188821069452169610e+01
3.202515372128252835e+01
3.196500185023097629e+01
3.191755003713722161e+01
3.196436524055812356e+01
3.219694149910159098e+01
3.215734186742326273e+01
3.235643754931705729e+01
3.230164858584077336e+01
3.224083977155713399e+01
3.212847099248796212e+01
3.216595008221620589e+01
3.223801316968123132e+01
3.207041281642056418e+01
3.183466734095621575e+01
3.155109285388757456e+01
3.147489969781556596e+01
3.258743995514891623e+01
3.236200696024190648e+01
3.224471314308794234e+01
3.202469022778838337e+01
3.172645060609712431e+01
3.119601853131053204e+01
3.087018254071874068e+01
3.057358926798248433e+01
3.020229271769337842e+01
3.005661960927720600e+01
2.920506716793445889e+01
2.839986550449675207e+01
2.751709781112249686e+01
2.497291829172622002e+01
2.296836843546143925e+01
2.172212472386494042e+01
2.082304445774807888e+01
1.982954886667465288e+01
1.967286894983750045e+01
1.887437536729596133e+01
1.765930660750074566e+01
1.675621640631153397e+01
1.585528227622600994e+01
1.481829422818442055e+01
1.379032598516096186e+01
1.296708814178470526e+01
1.219845926527800017e+01
1.132697944608709228e+01
1.060481282869104547e+01
9.835303589007676095e+00
9.470537041236211095e+00
8.954655048387174077e+00
8.203108462775126952e+00
7.760394044621583554e+00
7.054652596083754723e+00
6.338410136914530035e+00
5.744464963613830299e+00
4.940695595816833041e+00
3.274457648400304954e+00
1.636492031883299170e+00
0.000000000000000000e+00
0.000000000000000000e+00
0.000000000000000000e+00
0.000000000000000000e+00
0.000000000000000000e+00
0.000000000000000000e+00
0.000000000000000000e+00
0.000000000000000000e+00
0.000000000000000000e+00
0.000000000000000000e+00
0.000000000000000000e+00
0.000000000000000000e+00
0.000000000000000000e+00
0.000000000000000000e+00
0.000000000000000000e+00
0.000000000000000000e+00
0.000000000000000000e+00
0.000000000000000000e+00
2.839238144521389895e+00
1.276689566980029333e+01
1.728989549178253426e+01
2.076299224930779630e+01
2.361018136298037007e+01
2.599970777721171444e+01
2.809775294476831675e+01
2.979883180760870687e+01
3.118904593035112782e+01
3.237825477134786212e+01
3.332262691874532834e+01
3.408675922408337300e+01
3.465421129593369898e+01
3.502611618967724638e+01
3.533433278450352333e+01
3.533621719566335173e+01
3.530462700276160604e+01
3.493959867196672064e+01
3.451053969302328284e+01
3.385426988745023635e+01
3.328034843998658232e+01
3.246215989660788637e+01
3.177511317772431099e+01
3.094792928254904751e+01
3.010537666088580266e+01
2.938445132543158778e+01
2.873891287717124854e+01
2.820912734939973632e+01
2.788619711165545922e+01
2.751213462645020869e+01
2.719690063740071650e+01
2.676271518901505075e+01
2.618944450367373733e+01
2.550848810278184686e+01
2.475026293278562761e+01
2.386408246143815148e+01
2.288631374818802655e+01
2.149415616105402904e+01
1.969790780702545874e+01
1.528434581213049093e+01
1.287869797416264106e+01
1.108579408979912273e+01
9.558701897670987435e+00
8.207654221931466765e+00
7.061104065941322894e+00
6.042480578368024879e+00
5.188173139169183656e+00
4.534016455325013517e+00
4.156710234115156055e+00
3.969766340118089598e+00
4.070808945302553994e+00
4.568815129885385851e+00
5.411649817675753482e+00
6.697386756001091790e+00
8.388981593267690329e+00
1.073148479801760580e+01
1.549997726737779935e+01
1.940152798951358903e+01
2.114924782009536841e+01
2.194625119851479411e+01
2.192836384699505814e+01
2.051812530006835189e+01
1.537004192247857581e+01
9.429907731541272042e+00
6.005395068087264754e+00
2.665470791041696152e+00
1.621558277647763280e-01
0.000000000000000000e+00
0.000000000000000000e+00
0.000000000000000000e+00
0.000000000000000000e+00
0.000000000000000000e+00
0.000000000000000000e+00
2.804483924334633116e-05
2.748929913023888894e+00
6.615434210519124392e+00
1.441143027767963680e+01
2.065969922328231689e+01
2.376977520088092533e+01
2.611332658044785404e+01
2.786037712678468736e+01
2.921408907542259925e+01
3.030971511895800319e+01
3.114796279949520397e+01
3.151526084673468020e+01
3.186508979216953819e+01
3.198072799565584390e+01
3.200442986752211993e+01
3.219932222515718934e+01
3.202711582263202672e+01
3.215484479217225555e+01
3.209138623520980360e+01
3.188628693022941363e+01
3.177637399411995744e+01
3.164267434326481521e+01
3.147363495527820376e+01
3.128359158279547003e+01
3.108744983295037301e+01
3.112448914757898422e+01
3.103800301869719291e+01
3.108608103673159562e+01
3.096160827373714497e+01
3.067606920188178421e+01
3.046279200311528257e+01
3.040864404883427952e+01
3.005920491044495790e+01
2.961559834608537400e+01
2.920377766916406159e+01
2.860681948859643242e+01
2.803118155348004947e+01
2.759721993948023666e+01
2.713522089474423993e+01
2.708392184108078737e+01
2.702337856631718438e+01
2.657397145201818134e+01
2.588705810296522714e+01
2.501651119570635728e+01
2.415574830531369699e+01
2.269164381441071043e+01
1.970113855765934119e+01
1.861818438526149677e+01
1.790968663548911266e+01
1.703044627191562910e+01
1.601619233689785560e+01
1.588064454214182142e+01
1.525575000518274038e+01
1.468557412162430609e+01
1.398283420803809918e+01
1.346198131078331883e+01
1.274519033577437099e+01
1.206088135465929412e+01
1.135501748899710250e+01
1.087344523490807902e+01
1.070951442726802583e+01
9.921047450379141708e+00
9.588018784324010113e+00
9.236144354770944531e+00
8.641574009477611895e+00
8.589393060425940973e+00
8.122928478268990560e+00
7.627033907650005773e+00
6.275947883903737257e+00
5.488857053831353028e+00
4.276155601153870833e+00
2.655786827281074736e+00
8.447081850644959644e-01
0.000000000000000000e+00
0.000000000000000000e+00
0.000000000000000000e+00
0.000000000000000000e+00
0.000000000000000000e+00
0.000000000000000000e+00
0.000000000000000000e+00
0.000000000000000000e+00
0.000000000000000000e+00
0.000000000000000000e+00
0.000000000000000000e+00
0.000000000000000000e+00
0.000000000000000000e+00
0.000000000000000000e+00
0.000000000000000000e+00
0.000000000000000000e+00
7.361047226726209480e-01
6.387584349468047762e+00
1.540411977584085435e+01
1.928787578879208908e+01
2.233132128850171938e+01
2.478354910183389848e+01
2.687731439866018235e+01
2.859515968889043691e+01
3.009397427871481412e+01
3.129886814251344163e+01
3.245604614576033953e+01
3.327054718178023052e+01
3.404100124840523733e+01
3.457269590428964534e+01
3.502289889119767707e+01
3.527480993904293882e+01
3.534323825810139397e+01
3.527929968993256438e+01
3.526370634902973222e+01
3.497979388566911041e+01
3.466650464349361016e+01
3.406623250559029259e+01
3.347369364470214492e+01
3.266503200482282665e+01
3.191599848700555953e+01
3.111930382155618346e+01
3.048144990791107034e+01
2.984649945357171674e+01
2.935231955121536984e+01
2.891161789876014865e+01
2.849192031794649438e+01
2.811688119626043303e+01
2.772061123609748989e+01
2.727191903985253774e+01
2.672949214348222924e+01
2.596210489280843703e+01
2.526909248164356825e+01
2.403621907625422693e+01
2.253925387361293176e+01
1.956547715987715463e+01
1.451920115885158324e+01
1.207816813819010981e+01
1.019195262211424335e+01
8.532423935159032524e+00
7.345086689371650657e+00
6.273481701093992058e+00
5.539107935689346007e+00
4.982606432606356606e+00
4.666781965979117430e+00
4.628263025117916207e+00
4.842360403603462871e+00
5.359244625061155176e+00
6.244904020485938290e+00
7.398545421990128546e+00
8.978691113921643208e+00
1.097203676819635376e+01
1.328805705487118871e+01
1.844153726870278831e+01
2.022332279853641523e+01
2.146437382183279752e+01
2.127543243368903703e+01
1.968572987202013280e+01
1.393973717965303294e+01
1.011184828419058412e+01
6.948194418056203858e+00
3.850961295157520947e+00
1.375989114956038595e+00
0.000000000000000000e+00
0.000000000000000000e+00
0.000000000000000000e+00
0.000000000000000000e+00
0.000000000000000000e+00
0.000000000000000000e+00
1.838879697379034006e+00
4.725785742758310093e+00
8.351971730013916684e+00
1.626903149419661077e+01
2.158572448907048624e+01
2.453098876219068103e+01
2.650328534454317619e+01
2.777578269597857386e+01
2.900356929615954371e+01
2.960841701036607176e+01
3.022706880420033571e+01
3.061154594414241359e+01
3.093070826856735778e+01
3.109639957617641315e+01
3.121249077979062392e+01
3.133287913255689361e+01
3.141446101717025741e+01
3.152070033158781470e+01
3.163632338241379571e+01
3.162017128092391616e+01
3.146133122642092772e+01
3.143619939218579518e+01
3.118539345957747955e+01
3.121780744748030756e+01
3.107917365878049765e+01
3.104122265225840849e+01
3.094466417965315586e+01
3.099184689166968099e+01
3.089162297208527974e+01
3.081862583870043792e+01
3.097663239281147085e+01
3.103422304046451430e+01
3.117036564073206506e+01
3.123784839075447195e+01
3.084219176641012083e+01
3.069614805360221155e+01
3.012668442698421600e+01
2.954353923746494104e+01
2.900028642604220153e+01
2.908268256170154942e+01
2.866337233220285441e+01
2.899800081221420101e+01
2.874967895532185480e+01
2.852818069128344547e+01
2.711200775274098618e+01
2.473325392779701559e+01
2.396893805691188817e+01
2.416656676501431633e+01
2.315453455624661316e+01
2.265903280915431850e+01
2.210541898729086796e+01
2.118042894026679690e+01
2.029106801900697121e+01
1.922615769920834339e+01
1.853256408098125974e+01
1.758261385743759320e+01
1.703718452229520253e+01
1.634514398522115641e+01
1.574748515853297626e+01
1.491427580370418937e+01
1.431455000492595531e+01
1.343378683739701174e+01
1.274364291045261588e+01
1.173884144682963360e+01
1.148334672286721414e+01
1.106164832324420111e+01
9.197615765565705814e+00
6.714491670111062405e+00
5.801228377278775383e+00
4.013757334005037869e+00
2.009566816687084589e+00
3.395697664173065178e-01
0.000000000000000000e+00
0.000000000000000000e+00
0.000000000000000000e+00
0.000000000000000000e+00
0.000000000000000000e+00
0.000000000000000000e+00
0.000000000000000000e+00
0.000000000000000000e+00
0.000000000000000000e+00
0.000000000000000000e+00
0.000000000000000000e+00
0.000000000000000000e+00
0.000000000000000000e+00
0.000000000000000000e+00
0.000000000000000000e+00
0.000000000000000000e+00
4.509834139321056146e-01
5.236835883776836731e+00
1.484111983761338216e+01
1.921795578500703527e+01
2.234149637219686113e+01
2.499172639317221112e+01
2.714519596514029587e+01
2.915400089425981989e+01
3.075637208709794379e+01
3.228755625206393631e+01
3.343990159080111368e+01
3.450725229715044406e+01
3.527775009279451979e+01
3.593914578261370707e+01
3.636310443886014099e+01
3.666855013831263932e+01
3.673574592669397276e+01
3.664793655632496439e+01
3.623531608969449991e+01
3.562481426398878170e+01
3.462355676586621911e+01
3.370613126783675995e+01
3.266074426168571421e+01
3.182532099719431429e+01
3.087823788344453391e+01
3.008021359887773372e+01
2.921745400538921089e+01
2.849515901817315822e+01
2.775211576902646016e+01
2.721355947730652858e+01
2.666964818653262981e+01
2.625492920227962301e+01
2.576287347804123939e+01
2.525785723556638729e+01
2.463061294275894753e+01
2.393733474883692125e+01
2.304159525879852310e+01
2.194823122051091957e+01
2.066767968055794213e+01
1.892469007193246711e+01
1.503118792095630774e+01
1.317775774935300781e+01
1.170765671428147137e+01
1.071268512986117116e+01
9.582316679798726256e+00
8.631178821575877791e+00
7.683445231451956126e+00
6.818474594724587945e+00
6.062097410805908027e+00
5.407653711213583847e+00
4.848499508254610291e+00
4.507804139752437322e+00
4.298877240190363658e+00
4.421950119360906761e+00
4.715884023591207175e+00
5.342974931408397410e+00
6.277554326737361912e+00
7.725970551349671034e+00
9.581206509342770516e+00
1.239160946081296899e+01
1.829132398625451472e+01
2.087502424177562332e+01
2.250709453093049817e+01
2.337120258246570259e+01
2.369794192340780015e+01
2.329018186053822959e+01
2.209668586048924865e+01
1.975005504074274398e+01
1.271274133615716018e+01
8.184222192007011287e+00
4.907601427752037893e+00
2.319434710998852012e+00
1.221658935188936201e-01
0.000000000000000000e+00
0.000000000000000000e+00
0.000000000000000000e+00
0.000000000000000000e+00
0.000000000000000000e+00
0.000000000000000000e+00
8.666459316924326473e-01
3.443633376644811950e+00
7.121921463973796662e+00
1.325102733550131262e+01
2.006776031864466603e+01
2.303016888793559858e+01
2.521822506117732843e+01
2.681979480956872308e+01
2.808756081186241005e+01
2.897505300589041610e+01
2.976725366323195487e+01
2.998387892902421115e+01
3.018415579706175578e+01
3.006093564672343277e+01
3.014774922346550312e+01
2.985209485925042827e+01
2.958159586845619060e+01
2.966265175301165158e+01
2.974425519709555843e+01
2.963453430675988187e+01
2.955431107762975884e+01
2.945790897409912645e+01
2.920690568317426283e+01
2.900964984561023385e+01
2.875138076452028102e+01
2.854377436716497485e+01
2.860689743494985748e+01
2.860795322711343402e+01
2.870006831663699742e+01
2.851940615341902685e+01
2.845463951362953026e+01
2.799815609503531633e+01
2.782077295743587442e+01
2.737535037625377043e+01
2.691130690023583583e+01
2.669687726474938216e+01
2.620888274305925236e+01
2.556722314699627319e+01
2.494216096682254502e+01
2.433422833511041716e+01
2.330124884867803914e+01
2.179163986756705995e+01
1.968274492900373929e+01
1.868615564552562702e+01
1.751278283176471717e+01
1.639522908760536879e+01
1.534214845739352562e+01
1.438985737982391200e+01
1.343661318551935580e+01
1.299789225688021865e+01
1.221345926333517795e+01
1.200989201726571487e+01
1.158114747628271957e+01
1.108516497674365553e+01
1.073951062784214017e+01
1.037544811257637711e+01
1.013540048256736270e+01
1.005174141874934080e+01
9.991995274390067294e+00
9.772321776050365116e+00
9.487142982428025562e+00
9.304131727278429409e+00
8.573561702914510363e+00
7.512199104084274381e+00
7.144162095746201757e+00
6.528693498454498645e+00
5.943439388975639837e+00
4.803590771187149500e+00
3.588615707995673532e+00
1.967266907997222702e+00
2.547800877949333298e-01
0.000000000000000000e+00
0.000000000000000000e+00
0.000000000000000000e+00
0.000000000000000000e+00
0.000000000000000000e+00
0.000000000000000000e+00
0.000000000000000000e+00
0.000000000000000000e+00
0.000000000000000000e+00
0.000000000000000000e+00
0.000000000000000000e+00
0.000000000000000000e+00
0.000000000000000000e+00
0.000000000000000000e+00
0.000000000000000000e+00
3.860230941010878603e+00
1.462813882518141639e+01
1.988029867965663300e+01
2.346386302513717936e+01
2.653715555323458020e+01
2.884412920332847108e+01
3.076727324202072822e+01
3.218135105558150144e+01
3.333725961879618893e+01
3.407338379832916786e+01
3.464980704265500577e+01
3.499295007660499124e+01
3.516167487802131575e+01
3.529301444042985736e+01
3.547996315413445245e+01
3.549947977353329520e+01
3.557075752931280022e+01
3.546614280002954445e+01
3.529188726919198160e+01
3.504212493421037067e+01
3.490788022521712719e+01
3.453654851248086288e+01
3.423926755085028617e+01
3.366839883299677183e+01
3.302558118998380365e+01
3.223028219537996364e+01
3.136342654632319693e+01
3.036701084740084866e+01
2.949166741676546621e+01
2.842432395526100919e+01
2.763405162191880748e+01
2.672226016259757841e+01
2.592539032489378314e+01
2.499890657551834394e+01
2.409754397623175137e+01
2.318431685692479860e+01
2.224127784564462473e+01
2.110778596007177299e+01
1.946138298497074004e+01
1.621476604764033880e+01
1.449660791925468040e+01
1.297730022372256009e+01
1.147505996612939683e+01
9.971737225893313905e+00
8.574426056262996809e+00
7.181551542564267088e+00
5.989537795210816640e+00
4.973398275727705986e+00
4.254561741142500964e+00
3.782127174983029860e+00
3.779971153833603381e+00
3.953327471589297204e+00
4.694076495775403757e+00
5.671516249781808128e+00
7.224611757952601465e+00
9.026965717535805567e+00
1.158467448929559040e+01
1.567035545996672141e+01
1.890043764454795294e+01
1.947945366157663472e+01
1.866901778091800779e+01
1.357895521964318952e+01
9.605537485835800027e+00
6.074082004035108007e+00
2.812659069780490739e+00
0.000000000000000000e+00
0.000000000000000000e+00
0.000000000000000000e+00
0.000000000000000000e+00
0.000000000000000000e+00
0.000000000000000000e+00
0.000000000000000000e+00
0.000000000000000000e+00
0.000000000000000000e+00
2.717485933866210068e+00
7.426898138777835001e+00
1.759254793211157875e+01
2.184079976539245038e+01
2.472315413170408149e+01
2.672181792511229759e+01
2.843359851154197315e+01
2.945050869434218654e+01
3.021777493549891958e+01
3.052999471084318728e+01
3.076178735107934159e+01
3.071915618113385804e+01
3.074023332025548072e+01
3.066467785982060335e+01
3.079930833414956837e+01
3.074699600747524642e+01
3.098502659454205954e+01
3.096280788540218865e+01
3.090299891786555619e+01
3.067154473137926018e+01
3.059509434125591909e+01
3.045897333458721690e+01
3.030405188032693431e+01
3.002789679313070437e+01
2.994745229421450716e+01
2.970721078323838782e+01
2.928979798525382705e+01
2.912883403896928769e+01
2.918663547380375789e+01
2.882217993251148869e+01
2.869180637602612549e+01
2.836843037662753275e+01
2.868193916943704735e+01
2.823365523817361833e+01
2.768319103108444779e+01
2.727476553139437598e+01
2.652492140916198338e+01
2.661152410211558106e+01
2.675627308524931181e+01
2.689529807785806881e+01
2.652122308486362812e+01
2.578495413328256802e+01
2.400869708392077229e+01
2.154331863961895266e+01
2.027016833596290013e+01
1.926388283997276574e+01
1.821773836279146863e+01
1.716145402615187976e+01
1.621037714323657752e+01
1.537694565355216980e+01
1.482310516757537222e+01
1.425426458430504617e+01
1.365031069805489850e+01
1.292788068071623719e+01
1.233175218428709918e+01
1.164370356988040101e+01
1.119730097614269582e+01
1.062891204912030041e+01
9.834169635159668132e+00
8.550706664282513358e+00
8.319827913164413502e+00
7.773846520985697062e+00
7.737868211731059098e+00
7.481575179852503865e+00
7.193422462390054228e+00
6.702926232826591502e+00
6.170531497911169616e+00
5.423472617927353134e+00
4.450237404507031869e+00
3.069639334609051140e+00
1.624714744419764045e+00
0.000000000000000000e+00
0.000000000000000000e+00
0.000000000000000000e+00
0.000000000000000000e+00
0.000000000000000000e+00
0.000000000000000000e+00
0.000000000000000000e+00
0.000000000000000000e+00
0.000000000000000000e+00
0.000000000000000000e+00
0.000000000000000000e+00
0.000000000000000000e+00
0.000000000000000000e+00
0.000000000000000000e+00
0.000000000000000000e+00
0.000000000000000000e+00
4.778312314236983216e-01
5.341206128925364283e+00
1.477201690225583341e+01
1.943251078149154765e+01
2.239284502181654446e+01
2.504344579557739081e+01
2.702035225646604744e+01
2.874339487926596703e+01
3.007537037323762874e+01
3.116751342188008067e+01
3.203976702448062497e+01
3.272855531177167876e+01
3.324502210763195365e+01
3.363515407815864933e+01
3.380533530489687877e+01
3.404005412448636747e+01
3.399358190555547310e+01
3.408658255676757420e+01
3.379791817978481561e+01
3.366025468900910766e+01
3.326494407151628252e+01
3.284055973844267129e+01
3.228608051806453005e+01
3.150792121010749369e+01
3.078516752169720405e+01
3.016591953748071830e+01
2.943831202722217100e+01
2.890279108329866631e+01
2.833791608052059630e+01
2.785447686668695866e+01
2.733519563488633963e+01
2.683038121401903453e+01
2.629376241059319952e+01
2.577122436413211304e+01
2.515926331474744870e+01
2.448182596801204980e+01
2.372746787948038971e+01
2.292160092569854513e+01
2.204947334926990621e+01
2.116419940268133004e+01
2.006366351992849673e+01
1.862384732630161110e+01
1.549638935545897667e+01
1.399821742860665807e+01
1.276464662779832793e+01
1.171256938437825568e+01
1.070969573964097954e+01
9.867182133197241356e+00
9.081151547757873033e+00
8.535427059175560771e+00
8.054754634820877612e+00
7.882780950762193761e+00
7.765747161140016175e+00
7.944874600492885186e+00
8.209451712425414271e+00
8.862842758570195656e+00
9.686110284048794483e+00
1.111111839362250997e+01
1.307600826029587893e+01
1.792264082728538099e+01
1.996095227497592006e+01
2.142527047704508192e+01
2.228321397213816013e+01
2.261515473205154336e+01
2.206123197619904985e+01
2.025316072376502774e+01
1.384289848749049945e+01
8.698685147907333715e+00
4.817370372413944501e+00
1.023611759471461546e+00
0.000000000000000000e+00
0.000000000000000000e+00
0.000000000000000000e+00
0.000000000000000000e+00
0.000000000000000000e+00
0.000000000000000000e+00
0.000000000000000000e+00
0.000000000000000000e+00
0.000000000000000000e+00
1.873691898978523618e+00
7.151714218222460673e+00
1.826948344509033717e+01
2.279711376248741317e+01
2.601036536006756350e+01
2.807107083934121405e+01
2.971261723158428580e+01
3.054032672593870501e+01
3.118768919823357066e+01
3.135223603350635457e+01
3.160351606775042654e+01
3.146413505681659117e+01
3.144126730296394356e+01
3.138571144527281831e+01
3.141601837284029841e+01
3.135449851079566841e+01
3.119974996907025044e+01
3.102946161081800724e+01
3.083613034433363964e+01
3.064268208602971555e+01
3.061774949893760933e+01
3.032480420003449595e+01
3.021459484377767524e+01
2.998775702689548694e+01
2.973424968251156386e+01
2.940509437320271147e+01
2.936850456259679376e+01
2.895773799560463857e+01
2.875399710232612094e+01
2.838023669895634171e+01
2.814815952483298389e+01
2.802169560302328577e+01
2.794610037723203888e+01
2.799001681498763361e+01
2.781464104838365969e+01
2.742885279146805644e+01
2.705426869678214530e+01
2.686119039223837390e+01
2.666724831875724178e+01
2.765001145769863911e+01
2.739451931730075529e+01
2.677944881324353332e+01
2.612833725753565872e+01
2.534725101418490567e+01
2.387360221140284011e+01
2.084052683233446146e+01
1.916747546640084465e+01
1.798015608919779496e+01
1.680943875368704710e+01
1.576977102551149557e+01
1.477463371744557818e+01
1.404537824226260412e+01
1.319814360865447789e+01
1.234440674545953343e+01
1.134899554421195766e+01
1.080322049927537087e+01
1.055069748633771987e+01
1.007715051784861693e+01
9.769924919214208359e+00
8.987754544123855993e+00
8.522226751831730951e+00
8.331225463211666238e+00
7.852373519722453565e+00
7.410095077037669675e+00
6.607569886219444300e+00
5.760329231230247871e+00
5.027985585387733103e+00
4.037332391974985057e+00
2.823399832641187324e+00
1.473467446800482250e+00
0.000000000000000000e+00
0.000000000000000000e+00
0.000000000000000000e+00
0.000000000000000000e+00
0.000000000000000000e+00
0.000000000000000000e+00
0.000000000000000000e+00
0.000000000000000000e+00
0.000000000000000000e+00
0.000000000000000000e+00
0.000000000000000000e+00
0.000000000000000000e+00
0.000000000000000000e+00
0.000000000000000000e+00
0.000000000000000000e+00
0.000000000000000000e+00
4.825267754510755847e-01
4.287264001316755113e+00
1.366891028080389958e+01
1.770471851697520194e+01
2.076808046203323244e+01
2.287853251202778537e+01
2.486618607523735847e+01
2.629072614914408490e+01
2.770293069221077076e+01
2.874521682898634722e+01
2.986425040663805675e+01
3.066973758137195105e+01
3.161471085613881016e+01
3.230360436895666965e+01
3.311010053913560114e+01
3.360207793708745783e+01
3.412347551936399270e+01
3.433748388424250919e+01
3.448018323835946575e+01
3.436775064185655992e+01
3.398909578897125527e+01
3.359413713417497860e+01
3.307137725992635069e+01
3.252028681535778531e+01
3.195578724151640060e+01
3.136933223275100246e+01
3.073309132578375724e+01
3.015875238718005136e+01
2.953786563353660455e+01
2.902013856795985802e+01
2.844875269844305876e+01
2.786242089367645391e+01
2.724909275343338066e+01
2.655177590176332103e+01
2.585580751271696087e+01
2.507249118758819506e+01
2.425174870447184716e+01
2.329337512668495336e+01
2.220864372990701341e+01
2.094073265934703443e+01
1.932456837593046117e+01
1.580129430304291205e+01
1.393388946293704223e+01
1.265362270604304129e+01
1.176597337627873152e+01
1.093977826386202601e+01
1.041393167837233058e+01
9.912961760917365694e+00
9.664251804541947877e+00
9.379575834197058981e+00
9.415015390493362446e+00
9.393675373151436858e+00
9.807939190287106257e+00
1.018750840087254517e+01
1.092132347408675130e+01
1.173572639333722378e+01
1.303785327280344220e+01
1.486356407296778315e+01
1.849022964598548668e+01
1.969789309603721250e+01
2.031817054774538889e+01
2.020801077648651756e+01
1.889071959335260686e+01
1.380059075649183420e+01
1.000481259963596514e+01
6.813881279821456971e+00
3.669983159227374614e+00
8.254467029137125822e-01
0.000000000000000000e+00
0.000000000000000000e+00
0.000000000000000000e+00
0.000000000000000000e+00
0.000000000000000000e+00
0.000000000000000000e+00
0.000000000000000000e+00
0.000000000000000000e+00
2.968220104806012505e-01
2.976088914706924271e+00
6.639758103244691512e+00
1.221459784931067105e+01
1.868556572458491161e+01
2.117501889014588912e+01
2.332332872864561324e+01
2.471175066504750362e+01
2.602204545778161204e+01
2.694239251516062694e+01
2.771330547559245261e+01
2.829795777539007773e+01
2.876299613038992575e+01
2.912334710257218617e+01
2.940269616865560920e+01
2.962984819319428453e+01
2.984096944516431194e+01
2.976337097871945048e+01
2.983800297750178032e+01
2.972958318160693025e+01
2.978548562971705493e+01
2.980782278466178070e+01
2.996353930220003647e+01
2.984906051649437586e+01
2.972720772385848775e+01
2.963045371986804000e+01
2.961553508810325042e+01
2.942182036079665153e+01
2.915226795941830318e+01
2.898400979685495216e+01
2.889836051858654287e+01
2.867265511223560992e+01
2.849128056375621654e+01
2.828095042046946972e+01
2.817074442999497919e+01
2.798098915916750329e+01
2.782651892517608161e+01
2.759755679921378402e+01
2.752334987124899612e+01
2.756660306400596738e+01
2.837576434319629115e+01
2.870675990773433028e+01
2.962032113515194354e+01
2.963509191026281187e+01
2.963024861126903886e+01
2.922758269161806766e+01
2.868566854114075682e+01
2.878022033281057190e+01
3.005582995221410414e+01
2.952890712188938238e+01
2.917513853624589260e+01
2.612296609683692594e+01
2.473941568972012561e+01
2.482842882413099517e+01
2.418214834250442635e+01
2.324716420036763154e+01
2.228038508220812375e+01
2.168333221336247618e+01
2.096561465304397842e+01
2.031956977090555938e+01
1.922712709845597345e+01
1.853220160503602543e+01
1.717792544957305623e+01
1.652195425829349773e+01
1.565906241725154580e+01
1.515386334279517477e+01
1.454798669580953963e+01
1.347239756944509992e+01
1.138221808148775338e+01
9.459413791663402904e+00
7.065009415788555458e+00
4.824273881812819020e+00
2.890949986635832580e+00
0.000000000000000000e+00
0.000000000000000000e+00
0.000000000000000000e+00
0.000000000000000000e+00
0.000000000000000000e+00
0.000000000000000000e+00
0.000000000000000000e+00
0.000000000000000000e+00
0.000000000000000000e+00
0.000000000000000000e+00
0.000000000000000000e+00
0.000000000000000000e+00
0.000000000000000000e+00
0.000000000000000000e+00
0.000000000000000000e+00
0.000000000000000000e+00
3.877039763879037260e+00
1.375637289596940782e+01
1.834334445433727012e+01
2.155206333116124284e+01
2.382921192427148682e+01
2.572400407896043362e+01
2.715772994319075906e+01
2.865718361904872680e+01
2.976204970220565116e+01
3.106673844120842887e+01
3.201585957847914443e+01
3.308710861343961085e+01
3.368250945677283426e+01
3.449096301772001993e+01
3.496316885432285204e+01
3.545138963796869547e+01
3.566821956970409957e+01
3.580092455713582922e+01
3.572698978006475556e+01
3.549839842589542371e+01
3.505849253685234146e+01
3.451413157892918804e+01
3.376554817837378408e+01
3.302372796560172219e+01
3.222093637394608834e+01
3.145322958840700167e+01
3.067946323999517588e+01
2.991990744458095364e+01
2.913005914442452138e+01
2.839845851031361335e+01
2.763108135732786508e+01
2.689029558499860073e+01
2.613685578279089228e+01
2.530550774172024120e+01
2.424019057202839988e+01
2.306311820940699064e+01
2.120540714819112793e+01
1.705281357890188687e+01
1.347761542041738636e+01
1.118168060345592885e+01
9.275516419622336528e+00
7.557266175567779243e+00
6.097123722977342730e+00
5.069922547619072795e+00
4.221765839014920196e+00
3.834627648775493558e+00
3.710193345351258110e+00
4.102321737076123576e+00
4.825179351264419658e+00
6.079407248868926139e+00
7.635356710382761314e+00
9.816200156412387301e+00
1.235492497964623304e+01
1.761960914465552719e+01
1.925066456768247747e+01
1.931587751763459693e+01
1.779235307293293644e+01
1.207964679059682744e+01
8.443599166517529397e+00
5.134832496667299573e+00
2.123676686499717636e+00
0.000000000000000000e+00
0.000000000000000000e+00
0.000000000000000000e+00
0.000000000000000000e+00
0.000000000000000000e+00
0.000000000000000000e+00
0.000000000000000000e+00
1.172056124015243284e-01
3.273593124059579029e+00
7.017598778840088869e+00
1.515919271494447784e+01
2.014860879827676854e+01
2.318315809765646307e+01
2.546811791263674252e+01
2.730915110039532578e+01
2.871583264597875385e+01
3.001035983405609997e+01
3.099983601449528692e+01
3.193897367827089440e+01
3.254698501658987908e+01
3.303882513761041650e+01
3.336809427870113609e+01
3.359622353283383944e+01
3.357743876284205697e+01
3.376644071858254392e+01
3.351813579256538844e+01
3.363253515848143138e+01
3.361045742631279865e+01
3.383290092333626120e+01
3.369849236901151812e+01
3.361923205820053795e+01
3.372373772696171557e+01
3.364019051927131443e+01
3.355849110362679966e+01
3.329218888397191733e+01
3.313643014847786361e+01
3.282714174679949082e+01
3.253729279137955643e+01
3.251120583397376862e+01
3.237127468954883369e+01
3.209082492220562699e+01
3.177376034626987789e+01
3.161740750440361580e+01
3.145881804194055320e+01
3.105577593747115017e+01
3.077442830192816103e+01
3.004144228666280370e+01
2.917792269784805370e+01
2.833867538301067768e+01
2.703731779331627649e+01
2.433314641866411421e+01
2.168984007793999425e+01
2.089227631596070722e+01
2.026529218738341598e+01
1.963822440166441297e+01
1.939199942843803015e+01
1.837165347244273050e+01
1.743470078175416660e+01
1.641041580126544019e+01
1.550222744368201155e+01
1.473260778148597439e+01
1.459553090153692700e+01
1.356502126253987228e+01
1.261759224763569165e+01
1.183089305395029278e+01
1.061868188160648963e+01
1.046442104265098472e+01
1.026544652638039956e+01
9.869190962089730235e+00
9.002447021615282097e+00
7.922572530975449112e+00
7.049785043721408684e+00
5.943963578718324925e+00
4.172249857220169389e+00
2.898657581174377995e+00
8.574672996111463164e-01
0.000000000000000000e+00
0.000000000000000000e+00
0.000000000000000000e+00
0.000000000000000000e+00
0.000000000000000000e+00
0.000000000000000000e+00
0.000000000000000000e+00
0.000000000000000000e+00
0.000000000000000000e+00
0.000000000000000000e+00
0.000000000000000000e+00
0.000000000000000000e+00
0.000000000000000000e+00
0.000000000000000000e+00
0.000000000000000000e+00
0.000000000000000000e+00
0.000000000000000000e+00
1.117942835939629509e+00
7.718218617251427105e+00
1.573408850247892055e+01
1.965582148944184837e+01
2.259069995913332818e+01
2.517802268012714606e+01
2.735594478673088048e+01
2.928972568685031064e+01
3.090821883440876761e+01
3.218411695860710608e+01
3.318533482233883092e+01
3.422042686202914297e+01
3.504798422188792983e+01
3.602485252521442760e+01
3.680187676082289983e+01
3.743225616301329950e+01
3.771036980516875303e+01
3.789398573586787222e+01
3.779495512450039030e+01
3.760331242403892560e+01
3.723346083500913295e+01
3.655055140385666590e+01
3.573340310294431532e+01
3.464612850486761886e+01
3.335495767330181849e+01
3.213860269988265372e+01
3.078915623534291157e+01
2.956465789895796803e+01
2.832097122874994000e+01
2.726156867253113347e+01
2.627596693003982864e+01
2.539063408400370392e+01
2.445091195334269685e+01
2.364596658183864974e+01
2.284191000854467291e+01
2.210910097967738963e+01
2.112040524745072645e+01
1.996778863788497205e+01
1.760254394403446909e+01
1.488331410596399706e+01
1.324080761339401136e+01
1.183673675758254973e+01
1.043478833960736907e+01
9.166137650337912390e+00
7.896860603116019561e+00
6.876756735972085366e+00
5.881197749035859346e+00
5.174039763950747606e+00
4.609998132311123875e+00
4.343184254583968062e+00
4.257972778025076899e+00
4.475317799345301495e+00
4.938788971020811047e+00
5.853283653517009633e+00
6.949321117504749346e+00
8.674105916198181276e+00
1.095188904468043134e+01
1.683358757140773321e+01
2.005370613142313019e+01
2.223920953768342912e+01
2.349726221771590673e+01
2.440807733918554945e+01
2.455561531572338296e+01
2.409121792901185088e+01
2.245911550570356852e+01
1.895311987443864155e+01
1.019292933623436248e+01
5.860979929222798646e+00
2.377957073694565437e+00
0.000000000000000000e+00
0.000000000000000000e+00
0.000000000000000000e+00
0.000000000000000000e+00
0.000000000000000000e+00
0.000000000000000000e+00
0.000000000000000000e+00
0.000000000000000000e+00
5.411875566269164217e-01
4.293443904880497541e+00
9.995841726193241072e+00
2.033204110338947501e+01
2.455692082975649981e+01
2.729927987736108363e+01
2.936283008664621619e+01
3.075286602557281412e+01
3.172824535179750072e+01
3.232109864163011537e+01
3.264445864892886817e+01
3.238324176197536985e+01
3.238263597074756461e+01
3.201649409647938427e+01
3.183416721129680127e+01
3.142215364472930261e+01
3.104169192134697397e+01
3.097647208637313554e+01
3.087429938072554236e+01
3.075424104233533384e+01
3.066431668621613227e+01
3.062728960554348490e+01
3.068932533278422881e+01
3.034619734254737011e+01
3.031997409894974638e+01
3.020132036301103184e+01
3.040453794606135318e+01
3.050060794789125040e+01
3.027498038308228345e+01
3.001398303460047856e+01
2.979722347744847255e+01
2.954352221814047041e+01
2.923856670033082850e+01
2.888661135133036595e+01
2.844038915775570686e+01
2.786050182397353936e+01
2.748838283338099941e+01
2.709702314112266919e+01
2.659551996408785257e+01
2.627343931295865431e+01
2.581213264716790690e+01
2.481033902778506928e+01
2.317053487143572355e+01
1.971226599966874815e+01
1.914702068210786123e+01
1.830887554777099524e+01
1.710843305423255245e+01
1.650330997518956266e+01
1.553588432411507725e+01
1.509029755443427767e+01
1.475806391297153120e+01
1.471106458828752039e+01
1.431824795394219230e+01
1.412282115950605998e+01
1.406307169827926806e+01
1.347967784830073867e+01
1.284343543367607587e+01
1.280192666978835625e+01
1.260860414043012945e+01
1.262932780606174177e+01
1.232875717651033121e+01
1.195317839672562954e+01
1.185599368577426205e+01
1.195507786660138905e+01
1.152353636523332803e+01
1.049371412870527998e+01
9.907315888822356698e+00
8.962120719521788459e+00
7.954312049892894976e+00
6.771770335554881726e+00
4.655603310887642010e+00
2.498525463178752126e+00
4.766561690733857048e-01
0.000000000000000000e+00
0.000000000000000000e+00
0.000000000000000000e+00
0.000000000000000000e+00
0.000000000000000000e+00
0.000000000000000000e+00
0.000000000000000000e+00
0.000000000000000000e+00
0.000000000000000000e+00
0.000000000000000000e+00
0.000000000000000000e+00
0.000000000000000000e+00
0.000000000000000000e+00
0.000000000000000000e+00
1.679725675280463904e+00
1.067788374421768971e+01
1.691830524692826287e+01
2.079475864034547428e+01
2.368639205192773289e+01
2.613519621692261197e+01
2.794546317216054376e+01
2.970457030345068361e+01
3.106049098170798928e+01
3.224486537650536633e+01
3.326219980995549719e+01
3.407526242588586030e+01
3.472577564915397375e+01
3.534642255351811002e+01
3.591108875724704319e+01
3.636628527675830469e+01
3.664903326363511127e+01
3.682145584045350972e+01
3.672689328767820882e+01
3.652762518392046331e+01
3.619215282264853073e+01
3.570039476874497808e+01
3.495758867276450843e+01
3.433341731347072567e+01
3.350601970584122569e+01
3.299824038262115522e+01
3.245112100059098736e+01
3.196860551977120224e+01
3.137953488581474915e+01
3.087592567903347529e+01
3.013153887134628306e+01
2.941019294349749558e+01
2.876625354412367130e+01
2.814305731503782937e+01
2.750359272702532465e+01
2.598817760416438105e+01
2.362894003378417551e+01
1.722485417179132128e+01
1.370826736210246821e+01
1.108276517223528757e+01
8.735679425610582527e+00
6.840873638263365031e+00
5.085596125105112719e+00
3.791929819231848686e+00
2.715378431631114253e+00
2.115598242717041888e+00
1.834311957429745288e+00
2.134540206381232430e+00
2.887572928369778857e+00
4.137190779348893344e+00
5.874166699939062042e+00
8.192875009244385609e+00
1.112435380849702327e+01
1.572596874452240101e+01
2.075900303558882243e+01
2.269764453470165932e+01
2.301545157915999340e+01
2.276561225154373602e+01
2.086696173538092580e+01
1.641740324005139584e+01
8.524332959774419294e+00
4.273131447045818376e+00
5.786626518299200495e-01
0.000000000000000000e+00
0.000000000000000000e+00
0.000000000000000000e+00
0.000000000000000000e+00
0.000000000000000000e+00
0.000000000000000000e+00
0.000000000000000000e+00
0.000000000000000000e+00
1.611478644117319448e+00
6.570866263850967393e+00
1.701634174143085687e+01
2.163978225018457735e+01
2.476772046234689739e+01
2.713690533429738849e+01
2.859358044688523393e+01
2.970328228674712889e+01
3.035671706748207299e+01
3.073887401177400136e+01
3.107604508015822020e+01
3.125501098136044931e+01
3.143450749697312219e+01
3.154778641946228035e+01
3.153509358427169573e+01
3.159064776253990559e+01
3.157678277902719799e+01
3.152246093210873212e+01
3.156908038258692528e+01
3.164045293346233478e+01
3.165168342872528839e+01
3.154837701073318357e+01
3.138854008064898338e+01
3.112919913011598183e+01
3.091645153980169525e+01
3.066683332073309387e+01
3.061582112773941944e+01
3.073326559271205127e+01
3.066027130688106794e+01
3.032065951661726189e+01
3.009576281699274602e+01
2.962181386762720336e+01
2.920827084266718643e+01
2.899811567968556147e+01
2.877241240833894409e+01
2.842324189566421921e+01
2.795109189049520992e+01
2.729608429554132698e+01
2.676362023934656520e+01
2.599623653296820436e+01
2.543365477356885407e+01
2.465602461859434058e+01
2.442472669162999921e+01
2.368352566338000997e+01
2.223837425033788051e+01
1.996046805400024127e+01
1.940304947684167658e+01
1.902487092757680642e+01
1.801997445351613791e+01
1.725582960958081458e+01
1.644594663298223125e+01
1.583480527188640252e+01
1.535472664197436643e+01
1.456927032580347969e+01
1.390039064517717193e+01
1.302420480317510254e+01
1.219478395099503665e+01
1.147355064020739590e+01
1.103036552973098416e+01
1.077238459703098172e+01
1.027971685222593123e+01
1.013658300088673769e+01
1.026787695777579046e+01
9.713698488763672145e+00
9.435476914525391834e+00
8.931669627815047363e+00
8.223822960809735960e+00
6.568733924726119611e+00
5.826313121305240372e+00
4.785753083417199072e+00
3.512171602459049247e+00
1.950959412351278566e+00
1.360835056397373677e-01
0.000000000000000000e+00
0.000000000000000000e+00
0.000000000000000000e+00
0.000000000000000000e+00
0.000000000000000000e+00
0.000000000000000000e+00
0.000000000000000000e+00
0.000000000000000000e+00
0.000000000000000000e+00
0.000000000000000000e+00
0.000000000000000000e+00
0.000000000000000000e+00
0.000000000000000000e+00
0.000000000000000000e+00
0.000000000000000000e+00
1.789351464316515816e+00
7.542070553528066768e+00
1.619542527350933980e+01
1.991615289078401574e+01
2.269641366800255611e+01
2.482030986344696899e+01
2.663684968814273546e+01
2.794351086219176139e+01
2.913751146868262865e+01
3.006181671745741824e+01
3.094029464669601381e+01
3.167782086520669793e+01
3.237368824930639732e+01
3.290298859945416865e+01
3.341855590627210404e+01
3.375717359530832340e+01
3.405558767901141692e+01
3.417811681425881432e+01
3.423329360789276166e+01
3.409493389935514074e+01
3.389330417484515579e+01
3.347502483909337201e+01
3.307816545037181299e+01
3.244574355899748497e+01
3.189622536705693889e+01
3.114083085267056106e+01
3.046635015117234602e+01
2.972696178076635931e+01
2.904305145850803882e+01
2.827276109222366074e+01
2.756865419583969867e+01
2.670764034091168071e+01
2.595901733809147771e+01
2.504217105630733897e+01
2.426264601869443283e+01
2.333490511009001978e+01
2.253333668645078802e+01
2.160521117769380695e+01
2.063180522912372439e+01
1.926649439458304869e+01
1.615333356405266940e+01
1.402470063259695188e+01
1.261033587762437236e+01
1.125916083645085308e+01
1.002716883172061380e+01
8.721593330502692254e+00
7.601670914746638807e+00
6.498072019049484283e+00
5.599976563828919396e+00
4.755164046884100770e+00
4.230475124253885610e+00
3.946950473908721335e+00
4.049761730639859891e+00
4.496449836183950666e+00
5.352364679394013613e+00
6.726476991353015578e+00
8.615182731438494557e+00
1.127419007391056915e+01
1.728197907979178538e+01
2.028935709341923754e+01
2.176147387340462203e+01
2.215362997802315093e+01
2.160304730719834154e+01
1.955646099955995254e+01
1.264241314023462159e+01
8.176545822568170863e+00
4.549084753234810208e+00
1.231701362744660244e+00
0.000000000000000000e+00
0.000000000000000000e+00
0.000000000000000000e+00
0.000000000000000000e+00
0.000000000000000000e+00
0.000000000000000000e+00
0.000000000000000000e+00
0.000000000000000000e+00
2.874371096277032578e+00
7.334875815849335012e+00
1.632846558277591242e+01
2.096502204980970774e+01
2.381618052665787033e+01
2.597874528465579402e+01
2.750184229681883608e+01
2.858421153521472391e+01
2.940256545545067013e+01
2.957289830831093624e+01
2.987539609141044039e+01
3.007578955846278035e+01
3.028791537758596064e+01
3.029232519947094460e+01
3.030363567991738805e+01
3.028005026579284475e+01
3.020339633955348191e+01
3.002711746199568665e+01
2.990643101076683052e+01
2.977820728204915568e+01
2.973411122083879832e+01
2.924016573551451970e+01
2.899890259364478950e+01
2.878404541346511891e+01
2.866513504363271991e+01
2.867395907365359520e+01
2.846421152660477105e+01
2.844627018641003957e+01
2.821765562714483266e+01
2.781271936524669286e+01
2.749839349713527525e+01
2.704391563166248957e+01
2.761811789487245150e+01
2.747126234741278950e+01
2.707583703879062753e+01
2.661434889616040422e+01
2.615709788047934126e+01
2.592879507183095100e+01
2.632023391015810887e+01
2.637424018490910882e+01
2.656896863102529949e+01
2.624489340402368143e+01
2.581807539737045332e+01
2.505378426623516575e+01
2.393251862107950956e+01
2.110368498350958788e+01
2.010765661949792360e+01
1.910711823577277713e+01
1.908265748005516471e+01
1.864079581445378508e+01
1.794643562664188963e+01
1.733656794698354986e+01
1.626297533070358270e+01
1.549487372627426929e+01
1.499738976501815557e+01
1.459441644812688033e+01
1.431505228219346293e+01
1.394242230199599497e+01
1.365363346307660208e+01
1.288434369597230855e+01
1.273303093616105031e+01
1.242371872541041355e+01
1.228880107760393869e+01
1.209371803172633264e+01
1.193569073430152727e+01
1.107890297410871483e+01
1.025184930689167828e+01
9.362081335046974928e+00
6.897386372332119819e+00
5.016872445608082209e+00
2.754697757885374187e+00
7.424852683756246741e-01
0.000000000000000000e+00
0.000000000000000000e+00
0.000000000000000000e+00
0.000000000000000000e+00
0.000000000000000000e+00
0.000000000000000000e+00
0.000000000000000000e+00
0.000000000000000000e+00
0.000000000000000000e+00
0.000000000000000000e+00
0.000000000000000000e+00
0.000000000000000000e+00
0.000000000000000000e+00
0.000000000000000000e+00
0.000000000000000000e+00
1.616597461930222135e+00
6.740929517310775054e+00
1.673093441773129797e+01
2.087465841651240694e+01
2.399087395159939007e+01
2.641928989466918409e+01
2.850690325019296267e+01
3.026698229308632193e+01
3.180395581985495568e+01
3.313472015377070079e+01
3.424078160471626120e+01
3.526729184248003435e+01
3.610368195153682791e+01
3.676706342218838586e+01
3.721752442827251883e+01
3.741718387823510028e+01
3.721825463665643241e+01
3.698597971182134359e+01
3.630554080433278585e+01
3.574285822424043602e+01
3.480042181827538172e+01
3.402390001539444597e+01
3.299729715661272422e+01
3.220011381345221224e+01
3.125121736628283031e+01
3.054358236949898497e+01
2.981213246228839253e+01
2.921018957232016433e+01
2.858701335852923719e+01
2.807076585685497250e+01
2.748250419373172804e+01
2.691193016830737150e+01
2.637706778870722601e+01
2.573495203805154219e+01
2.458711741825166541e+01
2.334109570990384697e+01
2.118020735887358086e+01
1.643248823018057436e+01
1.356006634952626655e+01
1.156048692960525770e+01
9.718284746281749875e+00
8.099413151250955067e+00
6.503099399408208470e+00
5.265619799145290436e+00
4.187116351556424476e+00
3.503834954988429562e+00
3.069840558667564778e+00
3.136941234944087498e+00
3.531999724631816662e+00
4.470926148376001663e+00
5.785956679190654484e+00
7.703612195574979005e+00
9.943761628560654486e+00
1.381462837413845079e+01
1.967984000645782316e+01
2.177024354803599593e+01
2.271394748951668774e+01
2.267736677499033604e+01
2.124937008324589272e+01
1.800156583588557879e+01
9.649074566462385150e+00
5.486125133834030443e+00
1.647497107902986757e+00
0.000000000000000000e+00
0.000000000000000000e+00
0.000000000000000000e+00
0.000000000000000000e+00
0.000000000000000000e+00
0.000000000000000000e+00
0.000000000000000000e+00
0.000000000000000000e+00
0.000000000000000000e+00
4.090262844194566760e+00
1.297450349745868614e+01
2.008015829743166591e+01
2.348293533560321222e+01
2.583111795295646118e+01
2.763636208011556761e+01
2.898491613667162881e+01
2.973992062790041757e+01
3.033325647582402596e+01
3.053174305261897103e+01
3.048532536724145814e+01
3.049984675209640272e+01
3.042751862228903903e+01
3.037619296460562879e+01
3.031304352225655663e+01
3.031517653574488236e+01
3.035216517602145814e+01
3.025771878063082454e+01
3.022662079116864930e+01
3.003520181475418838e+01
2.987049800748343742e+01
2.968179258309207569e+01
2.932883048106946688e+01
2.907918339379540740e+01
2.893759507374096529e+01
2.893937205923587896e+01
2.881811885954197550e+01
2.852556974486942920e+01
2.811514958136393361e+01
2.775233360916309167e+01
2.743428347983313742e+01
2.735293688164305337e+01
2.799878467278090000e+01
2.807286749168088136e+01
2.762663908144532598e+01
2.707486405158820730e+01
2.630643014921271927e+01
2.587664877888755655e+01
2.552318442308643398e+01
2.539119759250509389e+01
2.605987125732374210e+01
2.512535950470203971e+01
2.406803485212107674e+01
2.303372003611364249e+01
2.212110892070418799e+01
2.133930537238831704e+01
2.032462326500267835e+01
1.952862605609064062e+01
1.873008821201661434e+01
1.819887288195105413e+01
1.773792619488018119e+01
1.780867118726877862e+01
1.691748665893213399e+01
1.646679404377479017e+01
1.566085249807848712e+01
1.515111632235617733e+01
1.498799949994798020e+01
1.516971126740277143e+01
1.479164258865090886e+01
1.477311091607954374e+01
1.341385071794912598e+01
1.248138458323868250e+01
1.148273742157068078e+01
1.127196299431451187e+01
1.102073695854394231e+01
1.065474077928771557e+01
1.025235763289656710e+01
9.745744404165664676e+00
9.002715663352725883e+00
8.141799775200620815e+00
6.578955305795993524e+00
4.887250595308906931e+00
2.720116499031620450e+00
8.334642471316682233e-01
0.000000000000000000e+00
0.000000000000000000e+00
0.000000000000000000e+00
0.000000000000000000e+00
0.000000000000000000e+00
0.000000000000000000e+00
0.000000000000000000e+00
0.000000000000000000e+00
0.000000000000000000e+00
0.000000000000000000e+00
0.000000000000000000e+00
0.000000000000000000e+00
0.000000000000000000e+00
0.000000000000000000e+00
3.860598506391861751e+00
1.346273148734625025e+01
1.898961696502200880e+01
2.250496701367720931e+01
2.508842772865416038e+01
2.719269052403841513e+01
2.905368069617232862e+01
3.043954900994543777e+01
3.162631338606799858e+01
3.245751517128815777e+01
3.312668468015375112e+01
3.364539035923154131e+01
3.394021259266221335e+01
3.414871935950339576e+01
3.410629573473561038e+01
3.427455463856809814e+01
3.438844768224146975e+01
3.446326319702639296e+01
3.448910833094293338e+01
3.430082259880341411e+01
3.399152052958368131e+01
3.362515887173708506e+01
3.305229420681589403e+01
3.249885567495867633e+01
3.181663133332002857e+01
3.125516755564955673e+01
3.046901157304117547e+01
2.991660745209777872e+01
2.931514533083478824e+01
2.879037126737783225e+01
2.815228882765403995e+01
2.749793736008363254e+01
2.673875529839607168e+01
2.592186985660427823e+01
2.492579007204488661e+01
2.387451483524208484e+01
2.236217859367398475e+01
2.064006037260961790e+01
1.622427874034301354e+01
1.404708198796622298e+01
1.228277690510563147e+01
1.098229734852666795e+01
9.668142271620943973e+00
8.701993972458868853e+00
7.675403858960292425e+00
6.916251676680483129e+00
6.206643818564935522e+00
5.731020833534967274e+00
5.299866094447873266e+00
5.214475138774408158e+00
5.318581754688489482e+00
5.739081933085956599e+00
6.425327623334363913e+00
7.429665080837192903e+00
8.803483943724327077e+00
1.067204489651210686e+01
1.367208823072488322e+01
1.926626524181457967e+01
2.134972521897488207e+01
2.270950097073735918e+01
2.345392768259182148e+01
2.345491233720730762e+01
2.244604997176115901e+01
2.029923194954297117e+01
1.280442986629600099e+01
7.956737022698754380e+00
4.170004052150396490e+00
1.056387634280773202e+00
0.000000000000000000e+00
0.000000000000000000e+00
0.000000000000000000e+00
0.000000000000000000e+00
0.000000000000000000e+00
0.000000000000000000e+00
0.000000000000000000e+00
0.000000000000000000e+00
3.655381852798584852e+00
8.482624291380917114e+00
1.877668983798590929e+01
2.276742876406445859e+01
2.557639426388473680e+01
2.750460989982446947e+01
2.900086254185896095e+01
2.992520452328960090e+01
3.054365001579909844e+01
3.092033512660920280e+01
3.094170678692683651e+01
3.095657912916399468e+01
3.082360677068675869e+01
3.084619173151317639e+01
3.071505072626412058e+01
3.071867603249359036e+01
3.071848789174565297e+01
3.060967351374209144e+01
3.049648096238359329e+01
3.037304237484289615e+01
3.016572031576046697e+01
