5.118996000000000635e+01
5.681418556620598537e+01
6.163097008784210828e+01
5.923423030627046870e+01
6.114252375354186597e+01
5.995758308408942838e+01
6.075084994681190409e+01
5.464279381481554765e+01
5.191219549385634480e+01
5.244994229563615562e+01
5.776247875880306992e+01
6.575821616743736797e+01
6.243912822417838271e+01
5.614207449248586101e+01
5.357884277585303323e+01
5.780298325952046667e+01
5.595907379403374193e+01
6.279614808428239314e+01
5.966732880611192513e+01
6.332380138766615829e+01
5.138101130487761736e+01
6.559239005651519960e+01
5.450948238241772970e+01
5.439059337460102483e+01
5.720930744849904670e+01
6.185007834699780460e+01
5.487390844868451723e+01
5.394365985081527270e+01
5.292432929391140561e+01
5.328271243649674460e+01
5.423186560295326331e+01
5.428587938655252287e+01
5.587806629889524856e+01
6.044643889411571536e+01
5.216750525737482747e+01
6.928795672875831713e+01
5.085625183273676697e+01
6.488999544994159407e+01
5.891842709320292926e+01
5.675737920566491113e+01
5.356660222084437351e+01
6.587028696990931564e+01
4.964188037937699960e+01
6.161787114589508008e+01
5.900500439671072428e+01
4.922123263763630518e+01
5.102608273703231134e+01
6.328655922581143045e+01
5.063681968706453773e+01
5.218207067332924254e+01
6.282139483332517926e+01
5.317490790971296377e+01
5.309552601771594027e+01
5.940017324396973919e+01
5.778436959804263040e+01
5.535395523937400242e+01
5.345412299280312141e+01
5.418619203223155267e+01
4.783711161978595072e+01
5.435201297098256390e+01
5.439621460997015845e+01
5.295017635420460778e+01
6.689326074017101575e+01
6.267519171921054522e+01
6.081181834377864703e+01
6.731553204495196496e+01
7.155164775550477430e+01
6.721823213609566494e+01
8.365062940772627087e+01
8.196295921933034379e+01
8.260363290927531921e+01
8.161230437115496272e+01
8.161723544032719246e+01
7.346333871637403945e+01
7.182437141444501094e+01
7.613716577061813950e+01
7.828257323308531568e+01
8.063475412885982507e+01
7.351556472751948945e+01
6.772581235982471526e+01
6.662165463273062471e+01
6.189710044150051260e+01
5.637469771213915237e+01
5.301085229671282661e+01
5.506870159728988767e+01
4.781074502461724762e+01
5.035981770275382274e+01
5.094438266116826242e+01
5.600239953820330641e+01
5.392851330843012647e+01
5.861431829059643661e+01
6.810293034805238221e+01
6.161904675056975833e+01
6.323668424416091227e+01
6.723348717110583550e+01
5.406615573808723241e+01
5.433569363191082147e+01
5.624930307233020699e+01
5.330504362999990775e+01
5.113160861242437250e+01
5.010930014966294266e+01
5.129075302266944192e+01
4.721472424093262532e+01
5.337363140735558886e+01
4.966705796704037823e+01
4.405615095372701262e+01
4.789151264686988441e+01
4.040280048015402770e+01
4.272325509237602859e+01
4.255378529390569753e+01
4.579173924372104665e+01
3.998636690659458282e+01
4.412633290519177365e+01
4.320838088891439810e+01
4.108022853804588692e+01
4.618884148136029211e+01
3.904425575316989239e+01
4.100312207829631461e+01
4.154290060930540562e+01
4.721374583625944155e+01
4.266963537349269586e+01
4.189465275654491450e+01
4.671387243928353428e+01
4.468476616072469199e+01
4.419313918393893914e+01
4.824120060811301158e+01
4.418366762866719455e+01
4.613313675460406671e+01
4.584460592073791929e+01
4.943888741933319864e+01
4.862027569642068414e+01
5.320034931107922205e+01
5.251440379071343756e+01
4.325813416343802231e+01
5.288491562039300931e+01
4.263313227690493790e+01
4.511927145494115621e+01
4.380372870802785457e+01
4.664212428906564156e+01
5.462727448519295592e+01
4.925758158142441090e+01
4.104762730752037214e+01
4.461689367708596166e+01
4.357317284681252545e+01
4.917221078568237402e+01
3.850880636268622936e+01
3.903324503388928690e+01
4.117304116734707264e+01
4.305424056909061648e+01
3.771067288561474840e+01
4.326812193915667848e+01
3.758178515191124802e+01
3.771729802840872736e+01
3.656301967155634003e+01
3.826189332287422218e+01
3.830294232278050970e+01
3.888553649121807609e+01
4.126806989390801306e+01
4.230945414014367145e+01
4.970851354613491679e+01
5.567031007350609428e+01
5.634718510989599594e+01
5.826333459649556801e+01
5.912548055774011857e+01
6.193442082634881274e+01
6.059105712643705033e+01
6.183335130560243442e+01
5.957199983329289950e+01
5.946835606497636206e+01
5.874024307210108731e+01
5.464606708693168002e+01
5.724498896382798563e+01
5.846887932716415293e+01
4.695182832308764631e+01
4.222699108507754318e+01
3.554725846246109455e+01
3.085897175960140260e+01
2.772349345388273889e+01
2.533562372994777689e+01
2.446508123607895158e+01
5.224485104399857249e+01
7.965203394487099331e+01
1.007111175597396624e+02
1.115501153675334649e+02
1.145713694003584209e+02
1.150524046877596618e+02
1.105506532915248101e+02
1.007876696566498538e+02
9.249180841932511044e+01
8.617547715940528974e+01
8.565986312791015678e+01
8.239028414626427832e+01
8.347365810864121727e+01
8.241537354594598241e+01
7.889877969034330363e+01
6.862989334226709559e+01
4.915473970851777352e+01
4.262284741801297372e+01
4.333283145498057110e+01
5.087326905931173116e+01
5.007742926437391873e+01
4.877511812814129399e+01
4.714808928547260791e+01
4.522569392221909368e+01
4.402232828094931705e+01
4.091028454347279109e+01
4.185086955976788659e+01
4.704742013478440299e+01
4.778865212272620511e+01
4.533348418732747120e+01
4.452397644648591779e+01
3.881789964533469117e+01
3.588140251945265646e+01
4.097374342287155002e+01
6.327425092944613283e+01
7.002187836189304448e+01
5.393684142720078967e+01
4.675890914382114971e+01
4.711755043808128107e+01
4.734346180660397607e+01
5.227247805227476363e+01
6.272807048164475674e+01
5.685467845210052928e+01
6.689858126449088616e+01
6.918056859138295067e+01
6.451939717530345320e+01
5.522334486213955529e+01
6.001819785306832244e+01
5.616650830904394809e+01
6.062518853412303343e+01
5.739914476933459042e+01
6.652544474874301272e+01
6.675584196696541994e+01
5.953462717387216685e+01
6.373967761636590978e+01
6.921026100946231452e+01
6.102452882250409516e+01
6.520085160610456398e+01
7.332079840861200637e+01
6.177064167512362047e+01
6.656024001264196954e+01
7.017929218370238686e+01
5.660333670027960551e+01
6.442279407847058792e+01
5.780737678671239621e+01
5.268346168390664985e+01
6.273174292608816671e+01
5.155527052437841462e+01
6.649502739918629857e+01
5.536487329454610062e+01
5.859604172990738391e+01
6.225713475010445563e+01
5.181269299536252504e+01
6.093577472585119637e+01
5.658226665599202221e+01
5.349557849138831500e+01
6.292404062928672914e+01
5.401545336911068773e+01
6.675164883038057440e+01
5.396626939381209809e+01
5.491946980170002490e+01
5.536502467409630412e+01
5.396407960073955934e+01
5.471311734315553821e+01
5.351831991206669414e+01
6.221920456418146728e+01
5.898776073883682614e+01
5.708853829594534091e+01
5.796898520565213175e+01
6.700853746172289505e+01
5.787659179487351935e+01
6.061310294129525289e+01
6.705723973133385130e+01
6.166082820244036355e+01
6.234621799434150802e+01
6.798285583222295259e+01
6.634299757905147032e+01
7.169675855682001497e+01
6.222282338385804934e+01
7.283655479650592213e+01
6.628858358027423492e+01
5.938126319811924247e+01
6.372685718365198682e+01
7.332110665477269151e+01
7.081217157484201152e+01
8.407204071025250869e+01
8.993951458260885090e+01
8.305206263994236338e+01
7.805679033697950331e+01
7.823879376940847408e+01
7.786582244854568557e+01
7.400897553614308322e+01
7.721431038443374462e+01
7.239544585631284690e+01
7.451040802721064438e+01
6.701773416715221288e+01
6.655232133255071858e+01
6.055713416836822915e+01
5.961964812944901837e+01
4.863301580938423285e+01
5.476983991600950219e+01
4.756387022115299601e+01
5.370687440713396654e+01
5.425379154191169562e+01
5.122979985948669679e+01
5.829858869539823729e+01
5.779027510198858408e+01
5.664734791035355954e+01
5.708198559902886871e+01
4.982360278756854655e+01
5.919934903733154385e+01
6.355981031592170183e+01
5.182910420800496354e+01
4.944340220798719798e+01
4.409140253758194916e+01
4.622524537339143080e+01
4.701146488451910699e+01
5.060550259183455779e+01
4.545361315082639209e+01
5.027262143026927532e+01
5.112762222286399805e+01
4.742096940260198323e+01
4.549848262706952084e+01
4.126406351089294589e+01
3.788006747302495825e+01
4.238601055421099773e+01
3.714680160832997302e+01
4.261740902382362606e+01
4.823204856491015136e+01
4.251261946103547729e+01
4.114820490652371632e+01
4.753316160422362202e+01
4.840469680738906533e+01
3.785777635533582242e+01
4.065274955958986425e+01
4.705486262345902304e+01
4.095172818064386888e+01
4.333267545281959343e+01
4.336770045173274468e+01
5.008735040310779851e+01
4.095660911404093696e+01
4.665474263065463134e+01
5.464374365419178048e+01
4.165226552915655844e+01
5.107517083056509932e+01
4.297946405359979849e+01
5.429908731122537091e+01
4.460660720089358477e+01
4.254871695399155840e+01
4.709468210301714208e+01
4.765037029723536932e+01
4.588318807404009192e+01
4.766225921124800635e+01
4.318159289034815629e+01
5.276345763381615228e+01
4.316255717950504334e+01
5.486037942382108668e+01
5.386983691320295264e+01
5.052612945185768467e+01
4.901253797098797094e+01
4.768970673842072472e+01
4.221250939103218514e+01
5.532295751281182561e+01
4.668609987225519831e+01
4.387805810161222553e+01
4.281479252660271584e+01
4.288457456893353736e+01
4.942233037893735315e+01
4.705077707451113156e+01
4.694566945855955709e+01
4.462690527549655428e+01
4.503207412207768812e+01
4.073301155308423915e+01
4.505626312014865675e+01
4.425654679148696857e+01
4.116999689306863530e+01
4.025628854187490191e+01
4.080045502916620137e+01
4.405763166797101604e+01
4.192269235628752710e+01
3.947842208699638888e+01
4.382247618338532646e+01
4.012311596456714824e+01
4.088847628008134194e+01
3.724436463856460477e+01
3.702106466525242467e+01
3.853835575565558003e+01
4.204390948220370916e+01
4.093371286019210231e+01
3.901385168701467876e+01
3.955017057765744681e+01
3.843996229332901748e+01
4.063136774391470141e+01
3.651083944844538820e+01
4.368930956923627207e+01
3.879552570389613209e+01
4.265777605293674668e+01
3.673918826326224263e+01
4.973823692940033681e+01
4.106255835820610400e+01
4.283119895453823034e+01
4.140553493567862375e+01
4.530263213851714710e+01
4.211117840503177234e+01
4.133283193031471825e+01
4.605748746462694498e+01
4.911234524639147736e+01
5.178127921211461882e+01
5.429131646296040969e+01
5.185972806952917580e+01
5.402611920558888414e+01
5.227927373348181561e+01
5.347016752514004878e+01
5.323902931951202078e+01
5.535005363339407580e+01
5.069058960693622851e+01
4.666049091650803149e+01
5.019336897569801437e+01
4.636185012605274380e+01
4.469190223751320445e+01
3.968494246403481895e+01
3.582067281717542073e+01
3.139660908510531456e+01
2.993957360469216411e+01
3.290851755278889357e+01
5.862762771239788151e+01
8.041488314036190843e+01
9.555961164194751234e+01
1.054039297135750104e+02
1.088324437065622874e+02
1.089029968672601854e+02
1.086444790962041225e+02
1.023675147861243460e+02
9.580426062950166965e+01
9.035878292156836267e+01
8.628103842178046534e+01
8.304609028376677315e+01
8.032354872425834458e+01
7.949526853012559968e+01
7.694338042306996783e+01
7.560556872586910515e+01
7.687055045589090696e+01
7.967488478786933115e+01
7.561697184337762678e+01
7.389815757351530578e+01
7.380475811849633772e+01
6.595127841749162201e+01
6.829642400165718641e+01
5.317014888931394978e+01
4.513393170006623478e+01
3.931699933967501437e+01
3.708682101792081198e+01
3.556058381708660932e+01
3.541972108620822723e+01
3.932829554868443012e+01
3.866716229896837831e+01
3.611753248062806421e+01
3.069596779460644953e+01
2.837142696453988933e+01
2.727992660973297845e+01
2.684771021277744296e+01
2.737976522755196740e+01
2.775870642573017477e+01
3.094805840689152276e+01
3.612494536373288412e+01
6.694262095629268572e+01
5.953176075969663117e+01
5.050404767779177462e+01
4.950168861234303819e+01
4.302019224395514385e+01
4.547973439164759668e+01
5.001541595249234717e+01
6.012110134642571779e+01
6.615776267429092172e+01
6.977147404795356067e+01
5.880382698265272978e+01
5.644556098371108988e+01
5.214882130691797357e+01
5.913981985666910646e+01
6.141540556623310465e+01
6.294180487119507461e+01
6.623599197703866537e+01
6.701927835805096834e+01
6.352021055075287848e+01
6.437120591606955600e+01
6.266498719314371613e+01
6.115509194571477281e+01
6.231483607457896312e+01
7.237715616183315603e+01
5.912531321625644409e+01
6.589425363118974133e+01
5.721257307227772770e+01
5.625756707763723341e+01
6.216082519315087751e+01
6.840541279820517673e+01
6.219845768375386541e+01
6.306504611430059981e+01
6.065420230737002782e+01
6.852648262934111756e+01
6.166421057162133934e+01
6.767552214464532767e+01
6.764280859415646319e+01
6.793711012559771234e+01
6.748661030772731806e+01
6.838457547753479560e+01
6.577614366272703705e+01
6.607727697323446137e+01
6.983048129916247149e+01
6.844983286702590419e+01
7.126722542301830288e+01
7.132052500553979257e+01
6.959576807391508169e+01
7.395927191319432836e+01
6.923553192318922811e+01
6.979588908201310460e+01
6.565194823936938917e+01
6.001145825532300648e+01
5.716151072474807648e+01
5.186104682299794177e+01
4.760844022479883364e+01
4.880674627494231288e+01
4.900596693361026723e+01
5.263473117139790247e+01
5.289294268920470188e+01
5.633556005464789251e+01
5.432554203576399487e+01
5.484424039584369837e+01
4.902847047444697637e+01
5.810479778176699028e+01
5.337881377364767843e+01
5.264823296866372715e+01
5.153982150097901638e+01
5.145829362246200844e+01
5.429355270454423277e+01
5.582080292405943567e+01
5.627703080010509495e+01
5.916469697534575545e+01
5.158767590092169542e+01
6.015997756095284643e+01
4.726619150163871552e+01
5.147662081261808709e+01
5.023785567226069304e+01
6.688847718409630261e+01
6.490001423279714743e+01
5.263455111247127860e+01
5.200631649759039732e+01
5.350519783785190953e+01
5.067576574033509473e+01
4.841601563300763189e+01
4.456318880059782117e+01
5.083861761648739019e+01
5.158635396672840301e+01
5.110369271945644698e+01
4.929993532267666723e+01
4.813037384637772220e+01
4.702544325961225269e+01
4.592337511182382315e+01
4.553229004459994655e+01
4.287049582362254085e+01
4.139017430273383980e+01
4.023430373217411216e+01
4.206194341312366447e+01
4.198611708644271800e+01
4.196370757882662872e+01
4.063662105663265578e+01
3.967189531574806693e+01
3.864206437121761439e+01
4.252331073609934009e+01
3.984477396990440212e+01
4.028153733464572639e+01
3.972328398234276392e+01
3.782587377804317441e+01
4.034189762414263924e+01
4.259553229663043794e+01
4.385974865392736177e+01
4.388309227155173886e+01
4.322059754817729527e+01
4.498144817883110846e+01
4.604091421699951070e+01
4.189645692909338948e+01
4.091393950147163849e+01
4.151033166364452853e+01
3.987590817854307090e+01
4.057771604658488229e+01
4.213424889684381469e+01
4.009194610566676431e+01
4.235433232298885287e+01
4.172298827481535710e+01
4.389953760265689908e+01
4.164300089534839344e+01
3.892386063319143119e+01
3.856383377297092352e+01
3.785829302636445703e+01
3.906930971849580203e+01
4.029888169462811476e+01
3.936317870134479335e+01
4.244216612230319186e+01
4.089043775813509995e+01
4.216177683933875642e+01
4.210875123376306561e+01
4.413683481729186298e+01
4.388273639316179953e+01
4.745545531928338789e+01
4.327972200466878405e+01
3.962810324625542790e+01
4.158403954821903170e+01
4.306414789904826534e+01
4.401069295987060315e+01
4.691986978264687735e+01
4.422243051166122285e+01
4.599130029911758299e+01
4.273038359976333567e+01
4.730346980322430994e+01
4.406556603094204405e+01
4.353073228418050888e+01
4.463924285237001044e+01
4.738260154124427004e+01
4.402304036532747489e+01
4.457890075952245468e+01
4.524815934805358353e+01
4.751876948276831314e+01
4.377137470721814339e+01
4.132801387757795908e+01
4.247072797232002728e+01
4.357886418477376367e+01
4.235995732527336344e+01
4.468784738646440502e+01
4.629652644801652173e+01
4.559742793213701617e+01
4.425070611061668302e+01
4.699421142962287945e+01
4.586332117017620646e+01
4.480680410229595623e+01
5.127866276840945403e+01
4.374201624019304546e+01
4.354934384578868389e+01
4.515626182357577534e+01
4.445015633649829567e+01
4.435018521526282598e+01
4.326818557292148881e+01
5.202397180412724254e+01
4.586275632992654749e+01
4.351900563287223633e+01
4.368656376106902428e+01
4.775223478323615467e+01
5.062653053945216186e+01
4.343306888044846659e+01
4.551144828733333725e+01
4.643596223553235802e+01
4.612388403103023649e+01
4.445313828114465338e+01
4.666276570154860082e+01
5.151944092205349790e+01
5.228533588981853342e+01
4.703843787677054422e+01
4.418600632807958561e+01
4.369281552179864292e+01
4.293809415460871293e+01
4.769774321470280398e+01
4.632830791332020226e+01
4.283935841185750348e+01
3.916653973871535754e+01
3.707899731077614547e+01
3.614271453283133440e+01
3.505379078281438154e+01
3.953546532860546847e+01
6.546732790383332201e+01
8.500310265687775768e+01
1.014539753768989101e+02
1.107549981758307922e+02
1.138629149156122082e+02
1.136030352118715285e+02
1.107449765785767823e+02
1.023837094030984929e+02
9.587835416070745964e+01
8.951030201188055457e+01
8.470994708870284740e+01
8.096155973354247237e+01
8.029197229518399581e+01
7.960916661324026222e+01
7.932605254757717717e+01
7.847723434200362647e+01
7.667197841813819537e+01
7.353621683964297517e+01
6.874911876173567293e+01
6.229138507061970387e+01
4.910621136689500332e+01
4.322307659289823789e+01
3.936559626935576972e+01
3.560718259365007299e+01
3.360625462654285656e+01
3.083580796619484943e+01
3.099763340646845933e+01
2.882981597411677654e+01
2.694110042978380903e+01
2.780098005201061540e+01
2.893648690069910856e+01
3.281722601990315269e+01
3.910734536771798275e+01
5.045314052694828177e+01
4.125997503481491435e+01
5.208119927897227086e+01
5.878301564457851214e+01
4.702715672728916019e+01
5.106131689365971482e+01
5.490768369341345334e+01
6.841699168460310432e+01
5.956486569054148816e+01
5.799598648670333034e+01
5.615298505647405136e+01
4.978159520074572697e+01
5.488602318897754628e+01
5.647530205362035360e+01
5.726972849732126036e+01
5.651404496616616768e+01
5.635642135812383913e+01
5.681041440927008068e+01
5.558766697021031433e+01
5.635840058941042230e+01
5.548252834938167410e+01
6.569103456230435256e+01
5.654532162608942514e+01
5.545378784647285642e+01
5.818407503188650765e+01
5.642406735596013334e+01
5.757837604822733368e+01
5.841387428525087699e+01
5.999535444374683379e+01
5.674550911355507310e+01
5.799421565439396886e+01
5.779059144509447776e+01
5.503159095641039045e+01
5.960605647861467560e+01
6.105650275462639343e+01
5.344276982708933588e+01
5.119603526710183417e+01
5.398400851039594528e+01
6.296253257930850111e+01
5.261220164495030360e+01
5.609953541457588955e+01
6.525977387693970400e+01
6.223819142538989979e+01
6.450655924094674276e+01
6.080571946713070020e+01
7.098067027139109086e+01
6.263436249313494386e+01
6.339892826996093333e+01
7.249884063829568959e+01
7.046086031928393822e+01
6.858316501648810970e+01
7.584283353410732786e+01
6.511244691223059533e+01
7.645307769305857448e+01
7.790735141337452774e+01
7.374395596519691765e+01
7.513615120211061083e+01
7.119434961917842486e+01
6.850154492711007492e+01
6.246432613384062904e+01
5.721334261304581759e+01
5.284934481638194370e+01
5.318398316640030998e+01
5.664122382030869574e+01
5.475394593703931889e+01
5.497001950109729052e+01
5.249882386738325124e+01
4.840695291495080710e+01
4.745577026804047449e+01
4.861253649397027488e+01
5.022432005904741459e+01
5.086890344355293792e+01
5.002918710355761789e+01
4.964889598616525745e+01
5.185427369652821739e+01
5.481204667692995969e+01
5.371972562666181261e+01
6.326647920330584896e+01
5.322686570515590887e+01
4.890657950411986121e+01
4.623497176753571125e+01
4.642504654172369527e+01
4.913622482530437452e+01
4.715312958295768198e+01
4.908410718653099991e+01
4.807220109450708634e+01
4.393589349148180645e+01
4.485608955751963833e+01
4.363065364477442643e+01
4.535132448611938116e+01
4.471108703824488373e+01
4.463524565304913949e+01
4.405826509754169251e+01
4.313574152556782337e+01
4.250804310468853942e+01
4.093940823517257144e+01
3.864017501309094627e+01
3.685805517048310520e+01
3.798672992231681889e+01
3.791617394043577605e+01
3.804294970336847115e+01
4.326638570617721058e+01
4.060928249513126076e+01
3.879266140656057615e+01
3.915536821047783178e+01
3.830493991993745340e+01
3.987264148747202341e+01
4.103626952475244138e+01
3.768603016235452685e+01
3.986931949777833495e+01
4.109814526557821068e+01
4.268345050771304727e+01
3.863434855038194371e+01
4.292617624720170966e+01
4.446757113256774829e+01
4.597183349754864423e+01
4.374718171720307680e+01
4.376807314437586882e+01
4.657412239708412471e+01
4.446433405433615604e+01
4.483886116205037808e+01
4.410336006639207795e+01
5.441155905782648006e+01
4.350389280910337675e+01
4.334696963400205050e+01
4.974910829573992999e+01
5.276161999176468242e+01
4.504240783295198014e+01
5.354103315330011981e+01
5.399534310042377427e+01
4.710773397375466232e+01
4.357360646381856384e+01
5.763130681962876167e+01
4.253343959680378816e+01
5.241682254485861137e+01
4.365682019471724828e+01
4.281208317279401854e+01
4.402569906855686099e+01
4.253250130638630111e+01
4.733699080660458236e+01
4.257913720117048939e+01
4.191835516466737488e+01
4.047183203730719470e+01
4.050425848130802109e+01
4.130641475774528004e+01
4.019132130701774486e+01
4.133913137503999735e+01
3.979128873443114855e+01
4.135722807963946224e+01
3.840821274082304626e+01
4.058248260513047967e+01
4.010980490573174251e+01
4.350007158172239485e+01
4.437701593828578694e+01
3.722880318266443567e+01
3.777176436344820587e+01
4.008928074368525785e+01
4.232095416031197743e+01
3.926795108890628683e+01
3.911399828500931619e+01
4.068015986031955578e+01
4.240296175801452705e+01
4.117868653307105120e+01
4.185333483703804092e+01
4.682489116412057228e+01
4.924734000396589551e+01
4.482490076386716993e+01
4.782250172839874836e+01
4.308445322844191594e+01
4.654734810843503112e+01
4.532404666707967777e+01
4.518697917065328795e+01
4.683801574376047228e+01
5.234605653073111142e+01
5.054000077180491246e+01
4.728118552986378376e+01
5.448309511280720585e+01
5.432202763225011211e+01
5.162344057193236324e+01
5.585924104812287538e+01
5.606754527695332513e+01
5.524452679682252665e+01
5.822572501528963329e+01
5.853529057217823350e+01
5.733099585149179234e+01
5.872736272969731175e+01
5.312720490932996853e+01
5.194832311122216595e+01
4.266752719741955957e+01
3.657755939682900248e+01
3.312265268776722138e+01
3.034213096888121086e+01
3.469120159627876632e+01
6.869483971367316144e+01
9.193127999994563027e+01
1.072777659552217102e+02
1.123743848885244603e+02
1.124544485189979071e+02
1.104048026819393016e+02
1.038884987191855060e+02
9.529595931086468852e+01
8.977068529438935229e+01
8.609860181880368657e+01
8.556459407629967018e+01
8.473569643089902570e+01
8.255364308420691088e+01
7.947080931306204832e+01
7.543382328383630409e+01
7.361296700345600641e+01
7.248662245450307751e+01
7.091380526573995269e+01
7.258213244868456115e+01
7.125768758199042452e+01
6.801097080883390333e+01
6.507943054191036936e+01
5.697094002313789218e+01
4.184108894623778951e+01
3.510585384074010307e+01
3.267929192838945340e+01
3.357007051575590850e+01
3.565637922401817406e+01
3.662422328308369401e+01
3.475555982889819262e+01
3.505364575958149231e+01
3.772252871725054746e+01
3.821147442623260559e+01
3.741113869737453967e+01
3.426032729502587415e+01
3.136645518375806674e+01
3.084091198672315670e+01
3.657051879602175859e+01
5.958148093221036845e+01
6.426815298485512074e+01
6.483876197098821592e+01
5.946312949076855858e+01
4.491202877272436922e+01
4.008281242668172695e+01
4.119165578910886438e+01
4.531195316580151911e+01
5.408327456074259487e+01
6.334662516637982321e+01
6.211575445363990156e+01
6.463362022382528949e+01
6.154698906487837462e+01
5.063281946884370655e+01
4.655673665879182721e+01
5.128585819365355292e+01
4.950671686170972663e+01
4.701265768570305426e+01
4.785972090692424530e+01
4.951928817168318631e+01
5.249930893122466102e+01
5.184490553396063461e+01
5.366547827749185018e+01
5.690537135876779473e+01
5.263090832410398434e+01
5.230266887878874371e+01
5.141674824506299046e+01
5.153150751812678010e+01
4.941503567528166485e+01
5.298143569982406831e+01
5.343656926721877198e+01
5.019454565351170316e+01
5.425100044694102763e+01
5.469878044772487868e+01
5.384831004867000104e+01
5.666907048065622376e+01
5.704059646816870099e+01
5.671890058875928275e+01
5.387471884313012538e+01
5.788510115193172112e+01
5.463400809987588502e+01
6.098617917847393954e+01
5.490845956596681532e+01
5.666965017124894644e+01
5.527937824120171939e+01
5.445140108886574382e+01
5.356950335312772182e+01
6.433039603242829685e+01
5.260206573197032753e+01
5.051939264610558666e+01
5.642659979826431993e+01
5.569187365390148159e+01
5.218823186164662076e+01
5.424871428080409430e+01
5.666677269222848423e+01
5.767769450690883559e+01
5.527461823238240868e+01
5.954045962229778866e+01
5.757523629201084248e+01
5.468140231148235131e+01
5.724575390974442968e+01
5.686116548863707720e+01
5.407948077957145472e+01
5.359320776917986962e+01
5.285708888227875946e+01
5.448859898860190043e+01
5.363189514768789934e+01
5.417253289705663377e+01
5.988433446229700508e+01
6.317095462914666371e+01
6.529185433770221891e+01
6.520154393377617907e+01
6.256972793907047503e+01
5.699836216362021446e+01
5.473767880783741901e+01
5.464131358642434577e+01
5.594602875778547002e+01
5.957018294035872685e+01
5.260747286377407050e+01
5.075788587011601294e+01
5.041426000205344593e+01
4.787263166743999676e+01
4.851742604418161875e+01
5.106485204695032110e+01
4.978336931547396205e+01
4.904899942258246881e+01
4.937510452028146801e+01
4.957444655831557867e+01
4.809505310629930364e+01
4.789719306088123574e+01
4.790347527962502738e+01
5.297312550026539668e+01
5.218816425367313627e+01
5.005727303755712398e+01
5.134707464473000726e+01
5.082139907491467312e+01
5.160255395382124277e+01
5.988234754353472766e+01
4.596080173335451491e+01
4.222525404917518443e+01
4.685017702303977671e+01
4.537143618335355910e+01
4.419203859958768277e+01
4.496418126473457022e+01
4.765079958708735575e+01
4.753742486123945810e+01
4.418400756023126519e+01
4.381900320940818006e+01
4.335304196705100566e+01
4.403430110307233036e+01
4.229228367287802826e+01
4.105963035482555767e+01
3.793758962321523143e+01
3.615973981997861131e+01
3.702439168305246397e+01
3.555448581400425212e+01
3.366860528291873322e+01
3.470513994128347690e+01
3.752522353253043974e+01
3.803957764585658197e+01
3.724929329193088989e+01
4.089757709548877074e+01
4.232567574846449077e+01
3.726133243638135895e+01
3.530092515295159927e+01
3.367153996942420946e+01
3.555464543640895414e+01
3.603594325840768420e+01
3.557337872435562787e+01
3.651996543709271492e+01
3.628848568652775697e+01
3.748039418541619483e+01
4.048493469822754776e+01
3.698585014851197172e+01
3.883802440647630760e+01
4.290284801794287262e+01
3.826566105295437836e+01
4.057954182056798231e+01
4.261632266793110801e+01
5.520008638654419286e+01
5.755251842584092969e+01
4.004057376083751763e+01
4.224383781739179256e+01
4.596078010877033648e+01
4.229893376857820897e+01
4.238103833486247396e+01
5.565802859453071960e+01
5.237078597091252163e+01
4.665686804767644702e+01
5.091401075338112037e+01
3.898422437241485738e+01
4.243330652037727901e+01
3.972374233131623811e+01
3.892105876789051422e+01
3.869526448083160375e+01
4.045036331300694599e+01
5.075259134252337390e+01
4.485819114086928039e+01
4.138426540632563189e+01
4.501420367708198000e+01
4.384595255935789027e+01
5.246728774157787001e+01
4.253967418484995733e+01
4.244441167554498406e+01
4.707420255214105254e+01
4.433224592070447301e+01
4.485039989930609039e+01
4.699469999888034977e+01
4.334902919859668913e+01
4.246150131484424151e+01
4.351664940729919806e+01
4.341361215319314226e+01
4.175689298488669010e+01
4.346175296490205398e+01
4.354363011211847834e+01
4.162080583552128132e+01
4.296176805444619617e+01
4.488789348099960819e+01
4.474401806242840252e+01
4.639597371130975745e+01
4.329261168428930517e+01
4.230908097037566762e+01
4.488581342054295220e+01
4.959877276764223097e+01
4.590508556797463768e+01
4.386071394743606078e+01
4.375834108000649536e+01
4.408688458379990749e+01
4.482393294060597810e+01
4.343441028865998277e+01
4.322381376652752749e+01
4.389900431516839774e+01
4.345381603190685382e+01
4.406332455334357689e+01
4.439051997977583852e+01
4.442805067526027329e+01
4.617609246543357671e+01
4.547023651721604409e+01
4.655770329164283794e+01
5.116520774665377758e+01
4.898968850932732977e+01
4.543457620326950064e+01
5.128217115219258915e+01
5.160983219271216882e+01
5.180205131826388509e+01
5.340142276679362965e+01
5.288130404630500436e+01
5.099767926316243916e+01
5.121446638222611369e+01
5.169254126287983553e+01
5.088226925813616219e+01
4.328605087308814348e+01
4.167720408203887672e+01
3.993574592622161390e+01
3.744612343063767668e+01
4.096579430902258423e+01
6.072936994422364165e+01
7.710862938963532542e+01
9.264388172042457370e+01
1.041005596932518813e+02
1.088212892801053329e+02
1.088422208653152836e+02
1.072022152703365379e+02
1.023727780061129664e+02
9.596138396496877476e+01
9.125412951276194917e+01
8.794672801647817550e+01
8.538522466703248881e+01
8.341338965156576535e+01
8.193598039601278060e+01
7.981091265121450817e+01
7.690401664382584102e+01
7.505042240473169102e+01
7.326097862033725505e+01
7.153766309990155037e+01
7.212438818282275577e+01
7.398017755949111063e+01
7.476244140874797495e+01
7.122095985066971480e+01
6.538097331771690790e+01
5.092222773407908676e+01
4.144035989760113381e+01
3.797582107007296770e+01
3.618603502371226455e+01
3.554505275266102160e+01
3.709893311034996799e+01
3.790757453106952823e+01
3.586174211194208539e+01
3.435183707953434862e+01
3.422981311658459447e+01
3.243031792492172372e+01
2.862945534671064962e+01
2.737499236974391081e+01
3.900064621210073312e+01
6.108118077016700909e+01
6.862482147623931894e+01
6.706800710855780778e+01
4.859388428097768298e+01
4.116542723484720057e+01
3.665477376921793251e+01
4.058161045056663596e+01
4.784329574734630341e+01
5.832570746721027888e+01
5.979001877099717177e+01
6.381468405512326569e+01
6.631822402451709308e+01
6.636965142259262507e+01
6.857904024938378029e+01
6.641048864498249316e+01
6.300638338039753705e+01
6.221846779912944214e+01
5.822426786764425799e+01
5.415230174122878282e+01
5.227116335825515847e+01
5.255678049759212911e+01
5.384705879002246576e+01
5.345339090001391469e+01
5.881838384913097428e+01
6.066172452588714492e+01
5.535969487194208227e+01
5.549419949051454637e+01
5.495242982804894183e+01
5.832034740077908452e+01
6.186465504234506341e+01
5.908494145074985937e+01
5.814397123222758523e+01
5.970705827317286918e+01
5.726858311409288405e+01
5.522302699147623883e+01
5.674947836532579970e+01
5.627389757212434773e+01
5.486190854279786322e+01
5.579574434154955043e+01
5.318856976926686286e+01
5.443009479282976315e+01
5.738214873885015521e+01
5.558995734107340780e+01
5.659871857967060294e+01
5.960854795515182047e+01
5.964430608220969532e+01
5.420287171157745121e+01
5.433055154817107280e+01
5.903175619385323358e+01
5.396074238494446718e+01
5.617353859330744115e+01
6.730924457958857943e+01
6.632455265994420301e+01
6.837125501352294066e+01
6.962345302236184352e+01
6.114967454746765441e+01
6.043696326151311382e+01
6.430046267213568001e+01
7.165109882599324465e+01
6.769550570900415210e+01
6.173461341491916698e+01
5.636312214493358397e+01
5.104724989708903848e+01
5.037376114326577436e+01
4.766142700816028110e+01
4.606472047220024990e+01
4.645455980289109732e+01
4.513784870454018971e+01
4.804658024885769407e+01
5.194111649905309491e+01
4.973624684316885691e+01
4.697123403998901381e+01
4.874166108996408298e+01
5.084517332601276962e+01
5.042257502020706994e+01
5.083010704531211843e+01
5.191371476717740308e+01
5.355217533190398171e+01
5.347734790220616219e+01
5.307900684034597560e+01
5.357333839452625313e+01
5.002818285192793013e+01
4.805477855988959845e+01
5.069450914642695949e+01
5.147947171490584140e+01
4.411960081415598722e+01
4.159897858194489828e+01
4.305619441538564018e+01
4.369338524621812070e+01
4.628178959749994448e+01
4.593627590855570730e+01
4.390837704638273919e+01
4.610455282528860010e+01
4.578661887061817026e+01
4.538572471610790870e+01
4.956523430155195342e+01
4.905709373835384923e+01
4.265647922450183671e+01
4.114002815569427440e+01
4.161571577026612090e+01
3.936568369086649710e+01
3.756229308747539619e+01
3.591219805877112492e+01
3.544333558895349512e+01
3.592849382765199096e+01
3.600806378719937584e+01
3.603634511650604821e+01
3.594352723686698425e+01
3.670249890938652726e+01
3.637998128307136625e+01
3.706535695649817086e+01
3.629677153954002478e+01
3.388991122111684717e+01
3.534443557000765423e+01
3.658355208097989220e+01
3.544151300223888512e+01
3.453196652256066557e+01
3.698100862126285904e+01
3.818988063427529056e+01
3.805796196966657874e+01
3.857140795992255278e+01
3.948107124819493663e+01
3.923847527822066183e+01
3.969239401163065395e+01
4.440695484559605433e+01
4.317602380705217513e+01
3.938297104582663621e+01
4.171093020018633979e+01
4.496036303686767610e+01
4.173911412397333009e+01
4.269580949531160741e+01
4.612910300592556467e+01
4.364722240468984182e+01
4.293235123183675483e+01
4.673512389678265322e+01
4.608866844902396309e+01
4.283641249835818599e+01
4.226664211767533885e+01
4.387531883430897750e+01
5.047404220280819942e+01
4.966344251913138663e+01
4.663324596636725516e+01
4.383408183739732067e+01
4.453278147549445265e+01
4.981730355890243800e+01
4.717355471583660886e+01
4.532604350189352260e+01
4.566517335951623835e+01
4.395506609094123007e+01
4.407850046791082832e+01
4.499402089241743141e+01
4.442011267511376360e+01
4.483417408940346149e+01
4.336575932509029485e+01
4.196210311057765807e+01
4.405174184780592839e+01
4.526843068271202242e+01
4.414506443562957116e+01
4.228616895046170043e+01
4.298041885048375832e+01
4.370168031261599140e+01
4.238283938838196008e+01
4.320576699134184651e+01
4.221371945928502356e+01
4.226331262379516573e+01
4.316646854894229079e+01
4.189255166442986678e+01
4.244430108235753352e+01
4.282304473299658554e+01
4.351032492154494236e+01
4.614042938654021953e+01
4.436044282167279107e+01
4.436028655725594660e+01
4.410722193691374571e+01
4.457473730320590732e+01
4.567044939953824922e+01
4.562003100822289525e+01
4.444735306399252295e+01
4.360264853238854954e+01
4.307588917251081995e+01
4.267821706017578975e+01
4.505514023419178216e+01
4.646508749069143107e+01
4.708917713103557645e+01
5.014866322873324123e+01
4.878668286188764824e+01
4.531317268453838665e+01
4.178771436051033561e+01
3.983472126454356044e+01
3.787311686846555148e+01
3.629078973353855986e+01
4.127148636657594238e+01
6.040431629331408914e+01
7.413987048344532127e+01
8.857545551404849959e+01
9.984653217707500517e+01
1.044476411930531867e+02
1.059738901904865855e+02
1.055588970243808120e+02
1.033192364224279061e+02
9.704597093834298960e+01
9.326182205763319644e+01
9.283698607214934384e+01
8.960241038218663334e+01
8.570749640701302496e+01
8.216091536313497556e+01
8.003905335901964690e+01
7.810091626218817851e+01
7.595486776603233636e+01
7.566323533652553124e+01
7.473389821583006665e+01
7.338428085127875988e+01
7.198198299118439536e+01
7.168308622170543742e+01
7.077532667298227409e+01
6.858051239742071914e+01
6.555909037483368706e+01
6.258417459756115875e+01
5.176636208333639644e+01
4.155865391425984257e+01
3.386902572849196957e+01
3.255553951182948680e+01
3.396955364098601393e+01
3.445969156578654236e+01
3.481820511103798310e+01
3.461950374067886571e+01
3.238306198235898137e+01
3.058497907654351877e+01
2.949565159986491381e+01
2.832481831270166239e+01
2.792989961867337811e+01
2.675273073134207280e+01
2.897995468323462021e+01
3.918201239395326496e+01
5.291424797563747262e+01
6.554305846397014079e+01
5.319772929118916949e+01
4.634194008597677339e+01
4.690464657771517665e+01
4.906737779272869204e+01
5.241342672555805393e+01
5.534968076499696821e+01
6.026159089957072013e+01
6.844050414727938403e+01
7.654185820205063351e+01
7.860532676868641033e+01
8.182992627530904883e+01
8.152189247776755110e+01
8.077892338517182225e+01
8.200020778978007741e+01
7.766453412510857390e+01
7.469897346204277255e+01
7.624668285731928563e+01
7.446652376114599292e+01
7.238817884562641325e+01
7.213446414563266273e+01
7.623483491403850110e+01
7.721188759787509071e+01
7.239490287448654726e+01
7.464059193613780963e+01
7.352947766221188886e+01
6.877943663689232778e+01
7.574279417070589204e+01
7.104150921992527401e+01
7.456210822910314562e+01
8.452985652251658166e+01
8.493229499495431867e+01
8.415498143406819054e+01
8.641629419078167018e+01
7.991479601394203769e+01
7.375961167933944296e+01
6.961434820502921639e+01
7.035247851296674071e+01
7.082645079813364930e+01
7.214446588186012832e+01
7.088983813147959268e+01
7.028135431927985621e+01
6.971511436964560460e+01
6.738969992223317718e+01
6.609640570558025274e+01
6.453785323681724151e+01
6.313522381170479036e+01
5.825575743104027282e+01
5.305456269644915324e+01
5.214767079981315590e+01
4.863569990412457855e+01
4.746714569436112896e+01
4.634410696977707289e+01
4.862811111784658635e+01
5.406622357923512823e+01
5.443158039772600176e+01
6.193492570892868798e+01
5.696912973956003157e+01
5.712164392940256619e+01
5.381504108829710731e+01
5.425190314231725353e+01
6.259583246260416445e+01
5.259643148899711207e+01
5.285127102211143324e+01
5.770993493992001788e+01
4.965158756618028946e+01
4.862568713354711036e+01
5.232513929955611331e+01
5.015748612548983942e+01
4.980922533623729009e+01
5.374342945098699431e+01
4.903469162372253010e+01
4.765574187995609634e+01
4.769367640287205745e+01
5.618550781517078008e+01
5.761896963445482811e+01
4.872778236574281863e+01
4.675052702600213195e+01
4.424566484535264266e+01
4.343295163605717590e+01
4.671064286191576542e+01
4.194124046405986661e+01
4.102288680664845799e+01
4.493619852350227717e+01
4.400634961392553635e+01
4.323137967976466456e+01
4.174682538746397853e+01
4.263174561902810211e+01
4.359520186600125413e+01
4.185113718583494347e+01
4.202848139053455156e+01
4.183616215597102439e+01
4.547807268621826182e+01
4.416533602430132532e+01
4.425949717594045296e+01
4.327007001744894410e+01
4.519092100580686377e+01
4.341934704034080283e+01
3.996919451841556281e+01
3.715032241064022145e+01
3.781117925388718959e+01
3.625690753957959345e+01
3.535357423427926449e+01
3.565338707329849655e+01
3.442232168660473235e+01
3.585769384349771371e+01
3.640271375176617141e+01
3.615585279470564473e+01
3.772344185616744738e+01
3.913460011879684686e+01
4.051109186202669576e+01
4.024213602401945877e+01
3.768337879187992456e+01
3.729930562891905765e+01
3.840835034287908201e+01
3.654729736588374323e+01
3.655324128214635238e+01
3.681406328730609090e+01
3.869536162790785738e+01
3.857254932314472740e+01
3.717483187240417664e+01
4.326721478651899844e+01
4.068166712455922607e+01
4.009890783869008146e+01
3.973858940083920999e+01
4.229118769341314277e+01
4.433993410344817221e+01
4.505129765503993866e+01
4.218587567691920270e+01
3.739877958416723658e+01
4.192781160254070727e+01
4.359519898900547474e+01
4.300083011834099977e+01
4.321204260963129684e+01
5.011275556426501510e+01
4.236337376749860084e+01
4.555162671284141140e+01
4.731343050939206307e+01
4.708633462446874773e+01
5.299409781633738703e+01
5.134380587876066215e+01
5.425112511037613672e+01
4.946698997164448741e+01
5.294351988181738733e+01
5.507639291397052261e+01
5.048048418369286594e+01
4.587575029125625292e+01
4.477993878955775386e+01
4.576279878780574961e+01
4.516392607727601671e+01
5.079253224664570610e+01
5.123538799033802604e+01
4.689766179702253623e+01
5.142226380230168559e+01
5.291283402364370403e+01
4.300435505963293537e+01
4.063767571478778962e+01
4.466790597673954721e+01
4.296254371253017723e+01
4.270093308085979089e+01
4.166515432741233127e+01
4.113021119647999768e+01
4.144306364961622791e+01
4.505777510296438493e+01
4.374992317512030127e+01
4.122799876860244694e+01
4.221368167982335251e+01
4.385584658287746862e+01
4.428485525291693392e+01
4.991174236625364813e+01
5.150558680298078684e+01
5.107010111580343192e+01
5.211477301739432022e+01
5.349842409480731220e+01
5.255557277238331437e+01
5.134373404352537307e+01
4.752663190133421978e+01
4.472107686654186409e+01
3.909760252939614134e+01
3.513008079451427790e+01
3.414897744731231199e+01
5.235388655073302999e+01
7.811616673865493965e+01
9.701594176507688871e+01
1.102668402691623299e+02
1.158136787502723735e+02
1.161575528127566628e+02
1.105521114207777629e+02
1.028883039472102610e+02
9.491584207588721256e+01
8.772175418375412903e+01
8.205609560628398924e+01
7.947496389972526742e+01
7.717026833887673831e+01
7.772468471922574906e+01
7.747665249081022409e+01
7.529881993460969625e+01
7.560079321092737814e+01
7.693919834324312035e+01
7.667243816562550762e+01
7.450557177252376562e+01
6.875585775417154366e+01
6.895857697654750496e+01
6.331550423953071771e+01
4.325049894409679041e+01
3.743183276891755895e+01
3.496581645567836460e+01
3.174993267168225941e+01
3.186380293608797842e+01
3.335646535906896304e+01
3.133105370625115071e+01
2.772787423477517166e+01
2.494822710027424506e+01
2.375999858661873887e+01
2.491424856906562013e+01
3.082476742232764977e+01
4.880640778625148357e+01
7.332073521448764097e+01
7.971532902874933768e+01
6.959935201209745514e+01
4.344723254412375013e+01
3.959220128742627054e+01
4.719627009381264315e+01
6.974879518473721873e+01
8.443019120524434129e+01
9.210202322236209227e+01
8.379743168069354908e+01
7.831852919309302763e+01
7.744303922052002065e+01
7.619161779373892784e+01
7.391597995257990306e+01
7.562347348526677138e+01
7.719659343157761100e+01
7.566668003786494978e+01
7.576486929332989462e+01
7.362055048404177171e+01
7.242334407848144906e+01
6.681995457725210485e+01
6.301368472244705998e+01
6.102467079759621527e+01
6.060552116866121253e+01
5.847263613209814537e+01
5.900593396126480172e+01
6.126191279493112063e+01
6.381955969337750645e+01
6.588672483823671655e+01
6.797234893981570281e+01
6.504323267844114298e+01
6.209807451233733389e+01
6.013040324240125756e+01
6.104374559667876099e+01
6.094187665628905393e+01
5.816523023454880814e+01
5.766758403504954344e+01
5.847291803908537133e+01
6.583167024846972026e+01
6.444774925320156456e+01
6.705452904217860066e+01
6.749015017172578723e+01
6.227997212529331250e+01
6.186825347928206753e+01
6.611969729604589929e+01
7.325281119628955651e+01
7.177534371359932663e+01
7.880673849599992309e+01
7.382631820063073746e+01
7.094786226129954798e+01
7.226554462984641702e+01
7.075702262525095421e+01
6.330293666392947216e+01
5.684585020463246963e+01
5.043924973613714258e+01
4.636080714259716729e+01
4.770174598859569670e+01
4.959761937414926081e+01
5.310860988701141849e+01
5.932361507459350491e+01
5.408488804144818829e+01
5.286875077531791334e+01
5.446538464468996921e+01
5.903936267628215262e+01
5.651571353127150843e+01
5.388672710252719611e+01
5.973238058723534039e+01
5.946948966495384781e+01
5.835927030572561591e+01
5.466839504945064476e+01
5.307130404985037586e+01
5.195371703627900217e+01
5.148443825238497595e+01
5.134243133519873226e+01
5.452453622133497646e+01
4.838999299353371697e+01
4.884694822302931527e+01
5.085490829209013697e+01
5.886514974878818407e+01
5.407742357899230967e+01
5.619117983127425475e+01
5.081053248007042811e+01
5.260893522214865214e+01
4.994590167350401799e+01
6.293967682318639589e+01
4.949248062796839065e+01
4.666417922439478616e+01
4.912365793238338085e+01
4.574581307879322623e+01
5.022776246112745469e+01
4.696686023103588070e+01
4.514296805572537608e+01
4.833168584433480675e+01
5.070369712933989348e+01
4.939398324506660742e+01
4.435531514243747608e+01
4.339681620977628995e+01
4.388276475280419220e+01
4.444021794499514044e+01
4.500354428166217247e+01
4.956113025291203655e+01
4.598349951302831329e+01
5.361053817478813244e+01
4.706396004615310602e+01
5.366060477493959979e+01
4.358087010139685447e+01
4.293076754427959685e+01
4.459492017408236819e+01
4.114207348270997500e+01
4.227035484347123884e+01
4.190383940608461444e+01
4.034857465190491155e+01
3.894752005425505814e+01
3.670314050754218016e+01
3.932820294853300425e+01
4.013169280555835883e+01
3.932564173401505769e+01
3.871850105337389181e+01
4.048762559601640731e+01
4.052061649019692169e+01
4.095167772709721987e+01
4.009521758032091299e+01
4.069457955381122360e+01
4.215067662768232992e+01
4.315905867523218120e+01
4.053647084305698911e+01
4.142974329646607856e+01
4.329837775438668501e+01
4.421613394948604281e+01
4.196024257943138025e+01
4.325068213073708279e+01
4.352765945550635251e+01
4.209984142866047563e+01
4.194072278824415179e+01
4.909300255331898200e+01
4.357109440925380284e+01
4.230735976597384251e+01
4.608831283119679512e+01
4.456461208609718483e+01
4.366408881173276058e+01
4.182731208818671576e+01
4.778792709404127947e+01
4.604430299792660009e+01
4.365648621060717005e+01
4.363226242212838457e+01
4.509357564945156582e+01
4.258417550715264355e+01
4.461131703185409236e+01
4.495337900069046810e+01
4.593022574421502213e+01
4.258499485034454324e+01
4.613600421147634734e+01
4.425231246880358071e+01
4.759459172541215111e+01
4.454903024633404129e+01
4.479010085887784243e+01
4.242706320543131682e+01
4.203861862626112611e+01
4.255361772892531036e+01
4.208286988581259180e+01
4.211245936161760284e+01
4.366908511099271806e+01
5.226023941003843021e+01
4.038120494825880513e+01
4.171052210923310355e+01
4.147015259023521594e+01
4.124450688877019644e+01
3.895148936270408058e+01
3.948316115914578006e+01
3.897213139208702160e+01
3.915809944823433142e+01
3.801657578881685851e+01
3.961734843240119375e+01
3.865717652635336776e+01
3.966399377705980100e+01
3.740473337308981172e+01
3.787903267065875923e+01
3.832118246474308876e+01
4.183940726591799830e+01
3.935919819755503113e+01
3.801809872472489360e+01
3.960597979269711999e+01
3.811770232428916927e+01
4.108364144767419646e+01
4.356431466458155910e+01
3.929668642806187506e+01
4.033889036899432057e+01
4.267431365197464288e+01
4.258530057282040815e+01
4.286677311784983857e+01
4.252374592644439844e+01
4.353611204402454149e+01
4.430569134669539721e+01
4.132257628414468087e+01
3.601135989608388144e+01
3.803349154695995082e+01
6.697021130748888140e+01
8.962285126952305347e+01
1.094985426828538664e+02
1.159918896985484480e+02
1.152330309988613379e+02
1.129153992638952815e+02
1.084727298067501522e+02
9.988276223872534842e+01
8.967266887970862399e+01
8.407255610555964154e+01
8.004444077382372313e+01
7.940489802495558536e+01
7.932914614910994544e+01
7.776705887911084858e+01
7.406098822478091392e+01
7.374208607127167170e+01
7.256244274185587528e+01
7.465208108157962386e+01
7.447501339656071195e+01
6.839085422628996014e+01
5.902431259987278622e+01
4.491831818743577287e+01
3.550796243231195604e+01
3.022518106223811429e+01
2.754961222348243055e+01
2.880209526651125529e+01
3.107417329325921784e+01
2.921464855350191669e+01
2.666848234696398379e+01
2.908572731248874987e+01
3.322562169416190159e+01
2.916791270615407683e+01
3.774005205328187174e+01
4.392212996933260882e+01
7.465009347831851017e+01
7.186870783425143827e+01
5.280273089224407101e+01
4.285090396866462470e+01
4.445379870100905606e+01
5.231306262613239255e+01
6.198798236344629231e+01
7.299009328098877347e+01
8.029752119914000730e+01
8.528249777914683705e+01
8.783408254187781949e+01
8.729472111342062135e+01
8.195697714970242487e+01
7.331060834002734339e+01
6.562785318712386129e+01
6.254276177359718503e+01
6.563158417404194722e+01
6.765014467307001667e+01
6.395133533103023638e+01
6.561844428472639379e+01
6.017614812800965041e+01
5.395658976049715960e+01
5.651945100315305126e+01
5.585878596365526505e+01
5.855155140041561168e+01
6.448084812138233701e+01
6.038123825490114882e+01
6.037877816516220264e+01
7.224846248644411162e+01
5.855996836888368762e+01
6.332522179223454373e+01
5.488289253292487757e+01
5.421839769479033322e+01
5.992091944233845879e+01
5.380969103062589909e+01
5.688681899668551978e+01
6.050694935371141980e+01
5.815138400096969917e+01
6.892113751702541435e+01
5.958343811923000999e+01
5.625327981490239182e+01
6.665457796887946529e+01
5.650641370004133535e+01
5.937412657417046091e+01
5.708437028748314646e+01
6.187431935275689199e+01
6.572398907756090125e+01
6.253641552445497354e+01
6.175070943603670059e+01
6.683495406699802288e+01
6.172395295250709069e+01
5.724617282368959081e+01
5.803940677114768931e+01
5.769981313527274835e+01
6.015040490408796359e+01
5.553596456651218460e+01
5.378445510942194119e+01
4.916316769121107200e+01
4.507617628881980210e+01
4.816174264678006978e+01
5.204581522553872475e+01
4.744874953604882251e+01
5.181743207683170027e+01
4.713694797108987444e+01
6.252194927737822638e+01
5.370342311526833612e+01
5.262240239191937974e+01
6.333981106215766488e+01
5.600702063756154558e+01
5.990347522926915502e+01
5.240990155313487264e+01
5.486968574643938723e+01
5.183493444507463010e+01
5.831598089699867415e+01
5.067323313621872671e+01
5.517277167294939488e+01
5.281294418029825266e+01
5.199264613543535773e+01
4.767351146456458366e+01
5.161861138141136962e+01
4.532352080593921073e+01
4.985174317446906400e+01
5.467552489162615359e+01
5.091571572258430933e+01
4.766214319674992339e+01
4.638859970846341696e+01
4.900554856825080208e+01
4.934184605730569473e+01
4.551030840350210838e+01
4.859280153995337059e+01
4.476312440996474606e+01
4.591245295096814516e+01
4.820292695412599215e+01
4.485488952129478690e+01
5.000002652722822205e+01
4.549644500204835396e+01
4.688577907976923598e+01
4.768247144676288229e+01
4.744226951697655181e+01
4.339886505089382496e+01
4.754583181792901314e+01
4.195478716779049222e+01
4.051853120975849265e+01
4.031570224813298609e+01
4.215656208012782002e+01
4.298907981351471363e+01
4.008418942426262532e+01
3.990433352062970584e+01
3.945624772112498846e+01
4.061176858499148068e+01
3.887708464620362747e+01
4.304273283230645575e+01
3.741584536245200354e+01
3.868139606910821726e+01
4.254017938333977611e+01
4.068686239542690686e+01
4.423409982068599078e+01
4.289209981812656025e+01
4.576720864227052488e+01
4.128292428189525509e+01
4.165844216898464936e+01
4.063126123568120107e+01
3.759030593736445525e+01
3.818591922206977074e+01
4.220027248142538667e+01
3.855442895757791177e+01
4.221234730020657366e+01
4.123182182532906381e+01
3.972922370824916527e+01
3.869389456592593035e+01
4.046477410813594844e+01
4.177050746912271961e+01
4.019427596485357412e+01
4.067795958818073387e+01
3.968414019536031390e+01
4.041966937666344961e+01
4.232152802903861755e+01
3.864475876470601179e+01
4.020673819394749415e+01
4.036869180883313390e+01
4.531310010694560475e+01
4.644557544800237281e+01
4.757334821654741575e+01
4.363451190838142679e+01
4.681314465029579708e+01
4.177190954276515100e+01
4.390086392316908359e+01
4.085394318484903664e+01
4.296271477679325557e+01
4.187019624915208738e+01
3.995975087520162816e+01
3.889316486685999052e+01
4.029344933696030040e+01
3.938982461925771617e+01
4.044349209763103659e+01
4.485687309546108281e+01
4.324859854287545602e+01
3.817678769806222761e+01
4.324707590607186347e+01
3.911950454418824563e+01
4.189124899818361314e+01
4.297144126028008770e+01
4.427326690308669299e+01
4.235950280142262159e+01
4.175241112956120304e+01
4.252288586009684934e+01
4.582107489345341378e+01
4.345416041467286306e+01
4.284288493257422203e+01
4.597396046917732804e+01
4.176516046436674401e+01
4.380196866770403830e+01
4.167286915674450398e+01
5.075748068579237327e+01
4.733114054012188632e+01
4.344050868280586286e+01
4.785602526925886480e+01
4.983942382345147593e+01
4.663316523916615353e+01
4.137860714754064162e+01
4.885218317006785327e+01
4.337543662620075935e+01
4.540693740547081347e+01
4.326888820797726964e+01
5.048946582293565655e+01
4.322021793608160323e+01
4.374730594949473073e+01
5.341463982106227348e+01
4.238351015423791068e+01
4.468243637949714042e+01
4.538883325660525969e+01
4.451392365655618022e+01
4.936452348116738875e+01
4.294183007167802657e+01
4.420575314755562601e+01
5.254390662975798421e+01
4.636896830042460493e+01
4.228253493048510592e+01
4.355288636478679365e+01
4.536228135952507756e+01
4.640954329345103702e+01
4.479641506858082778e+01
4.144529517721825584e+01
4.530592102526062348e+01
4.412723938677596180e+01
4.360706496985699943e+01
4.381602160043765792e+01
4.254548364499428459e+01
4.267477001867824526e+01
4.284203971455117710e+01
3.984027240872856623e+01
4.049020267513824933e+01
3.780564010803439601e+01
3.433831021372576231e+01
3.355451343849343004e+01
4.060522218214070023e+01
7.299978838710228501e+01
1.004767814217355095e+02
1.155805299213688500e+02
1.197031026767683812e+02
1.147684422797537707e+02
1.098414938361623001e+02
1.025738039141717621e+02
9.388650933633132922e+01
8.731477574424168608e+01
8.592182529808884794e+01
8.369319787320976900e+01
8.165280058436511013e+01
8.131733828255981678e+01
8.113387425499529115e+01
8.024922694797008660e+01
8.113857547008298354e+01
8.049363581978809634e+01
7.414652357641998037e+01
7.582121113556043213e+01
7.297570131772741320e+01
5.281585007830751266e+01
3.765134710252983297e+01
3.149313036695334844e+01
2.934954295952556080e+01
2.569905788614315512e+01
2.384733676374718314e+01
2.234649218020969030e+01
2.529388594213317987e+01
2.849475747264463621e+01
2.717712617279436316e+01
2.913488724515910633e+01
6.650499088922019553e+01
8.150726614059111341e+01
7.907914677034354156e+01
4.852918730123477786e+01
3.830539226004926689e+01
3.858694792209618640e+01
4.751639454867577683e+01
5.921663185128959128e+01
6.794692381159333650e+01
7.694313604544689156e+01
7.950931415017868176e+01
7.968906949842947540e+01
7.916389837597408530e+01
7.935379649202532448e+01
7.881034989167767435e+01
7.899212637903289647e+01
7.839898384282119537e+01
7.411326454714821921e+01
6.821608226374875983e+01
6.483638613148298191e+01
5.887943699107127316e+01
6.698301519077861599e+01
6.529809711894711199e+01
6.909200636222844594e+01
6.591709423050903638e+01
6.706580196793294135e+01
7.032521622467963596e+01
7.071566462286692456e+01
7.404169680528539743e+01
7.229176291428032641e+01
7.412350926289195741e+01
7.968243699643815603e+01
7.092351287379577229e+01
7.790418351571956634e+01
8.106562223785348920e+01
8.764696298735771052e+01
9.130173347650028859e+01
9.279125037644183749e+01
8.817464235705540432e+01
8.837008961760145098e+01
7.796496489054732137e+01
8.107419217462728511e+01
7.374789531458090153e+01
7.650314210819152549e+01
7.991635833941064959e+01
8.044590682111979163e+01
8.641628118923760837e+01
8.853663555702063093e+01
9.734280477734753845e+01
9.818117998080100506e+01
8.376594841388322266e+01
8.634979785805526831e+01
6.829686085349227653e+01
7.544513974421954572e+01
6.237706472712818595e+01
7.658115409197966983e+01
7.267153593929211297e+01
7.980554042412177296e+01
8.182841181857287438e+01
9.087319171381111005e+01
8.334874562171447110e+01
8.518425011381985712e+01
7.853822269886683216e+01
7.267416398299276636e+01
6.939815565270654929e+01
6.802918487423498561e+01
6.201006923542469451e+01
6.180335504219799247e+01
5.864848385215172755e+01
5.679893910106261501e+01
5.942809996856713894e+01
5.197120558837768556e+01
5.354155553699239078e+01
5.800880979624901812e+01
5.533623156768827300e+01
5.524613382055154887e+01
5.991738879049516697e+01
5.526254787918894351e+01
5.781118393338806527e+01
5.684238358325745111e+01
5.518541868879417223e+01
5.194957077516168198e+01
5.472246368961129548e+01
5.406025953340168400e+01
5.274210027174191850e+01
5.297363291101538607e+01
5.413099198577908311e+01
5.780378977229163695e+01
5.719064730675942343e+01
5.326225661830521574e+01
4.929754559161459326e+01
5.163492950055579911e+01
4.348301382180377317e+01
4.357633528099533038e+01
4.295663920806369163e+01
4.477074049015304524e+01
4.464413985192792467e+01
4.519540608308629004e+01
4.778812850320989014e+01
4.455213384399134213e+01
4.723407290916713919e+01
4.512037194729538214e+01
4.311972444826935202e+01
4.120801381104912764e+01
4.360055711737502548e+01
4.227454910821987966e+01
4.070180016088461628e+01
3.948949506265218901e+01
4.189054206875371733e+01
3.971858970868512273e+01
4.050570393652646572e+01
3.961439428091372861e+01
4.185494067957654352e+01
4.335914104327079599e+01
4.251821976644897205e+01
4.211525361922029020e+01
4.333361759137564206e+01
4.125219618698828583e+01
4.380273891983841850e+01
4.554882107306952577e+01
4.253493922706157093e+01
4.225044710866226438e+01
4.142909445641363675e+01
4.059963637225164490e+01
3.814237149464452159e+01
4.224276521999455269e+01
4.567716672926955113e+01
4.315089487033580440e+01
4.331418126018817816e+01
4.215915300002784250e+01
4.066886048112519347e+01
4.239063382643268341e+01
4.204598618999297344e+01
4.088557884665613074e+01
4.169564218589317051e+01
3.958691217963486508e+01
3.987225609958183270e+01
3.614239800094979671e+01
3.663400540663336358e+01
3.648774868018877271e+01
3.410800688968218708e+01
3.992870482107316121e+01
3.218915394138599595e+01
3.498895965072141934e+01
2.684844356451118230e+01
2.992880174866838772e+01
2.937963223860498374e+01
2.634463249495927784e+01
3.083370869211806564e+01
3.346920428789074009e+01
4.438100364142015053e+01
4.297851437211935632e+01
4.052582402581863619e+01
3.625953442723785969e+01
5.183269759770625029e+01
4.521698739897136932e+01
4.346973092649190562e+01
4.899071684557963380e+01
4.813478513089903288e+01
4.486798533618851081e+01
4.259240665111787649e+01
4.856460589395134519e+01
4.348953024533254563e+01
4.481965828268243257e+01
4.876738239384600604e+01
4.296792049143811454e+01
4.972946387079378638e+01
4.341280282960607195e+01
5.485565136432250455e+01
5.038144826430090717e+01
5.180450503875242418e+01
5.370409396078581210e+01
4.062322718533945221e+01
5.141096822999838878e+01
4.661419194303299207e+01
4.577804013898474267e+01
5.268302589842399186e+01
4.450233622947635581e+01
5.262587347372135582e+01
5.174479571372693698e+01
4.942174689592410886e+01
6.081766903156101023e+01
3.719887274965473267e+01
4.897068204425068672e+01
6.285928574516195511e+01
3.547399270932804427e+01
4.928563247280730053e+01
6.061937875944167331e+01
3.647768505765959901e+01
4.495668917249665952e+01
6.173691674750415359e+01
3.750496754529590504e+01
4.051167315434560834e+01
5.482804993835436136e+01
3.365532329014206425e+01
1.615323374711342197e+01
3.931138800766517249e+01
7.697428131236320326e+01
5.247421806982629278e+01
4.915790872124728139e+01
4.996919130826340449e+01
4.203853366160544169e+01
4.902275998535431256e+01
5.058347751300984640e+01
5.243623396997188024e+01
5.044215091691909691e+01
5.188941309186034090e+01
5.534043898603673028e+01
4.118424623039143029e+01
4.849862939261504380e+01
4.942579654333441397e+01
5.189947456009464588e+01
5.238394106462243371e+01
4.292419280418113914e+01
5.350628095030943854e+01
5.613294492740936903e+01
5.717362257663904046e+01
5.844014456247328582e+01
5.872536289478487248e+01
5.712849383709834683e+01
5.400141598346039729e+01
5.419770205020945042e+01
4.250705853062609663e+01
5.155221405753540864e+01
4.507987588348437669e+01
3.777447305529096866e+01
3.758263925999733601e+01
5.000452336818825927e+01
6.570218965536912492e+01
7.898665438681786100e+01
9.404782456593692075e+01
1.073796015138071738e+02
1.136028972934993675e+02
1.142199059072370915e+02
1.110007564268930622e+02
1.039774595436387443e+02
9.618931961627161797e+01
8.963142001841676176e+01
8.547940616184257578e+01
8.477857096064605003e+01
8.337535217728056125e+01
8.136347419482105181e+01
7.823567463381618836e+01
7.522514858549465089e+01
7.385183111449462956e+01
7.191598914373119555e+01
6.995535293079527150e+01
6.571681703768211946e+01
4.751192026724487505e+01
3.893222664202750849e+01
3.441252622949842532e+01
3.365635058584130235e+01
3.358700246035369474e+01
3.535149431552908794e+01
3.342191079276101107e+01
3.350665346291859947e+01
3.752090123121249121e+01
4.134625156130960733e+01
5.376892844036704844e+01
5.640451663129984183e+01
7.506769981979304873e+01
7.990125809395792089e+01
5.648966079770457327e+01
4.714067824972515552e+01
4.746622435856390609e+01
5.255967980347465129e+01
7.010722833878308791e+01
7.686285919890949003e+01
6.656033537944264822e+01
7.084899959303403705e+01
6.257684967288921740e+01
6.157500919390497529e+01
5.714738885334711682e+01
5.796595159397790553e+01
5.919381001479125359e+01
5.407790522971352232e+01
7.065331889390796505e+01
4.869747541443886973e+01
6.413425244510757750e+01
5.417919583622864366e+01
5.300191432837371508e+01
5.265154543707804180e+01
6.858996179558960193e+01
5.501803617313847639e+01
6.899865108684645065e+01
6.727851745620137081e+01
5.860183876535093361e+01
6.913951375246169562e+01
5.291630523205694914e+01
7.083763273143480887e+01
6.008445110290362834e+01
5.769150615880742805e+01
6.075554268692897608e+01
5.353099132855889053e+01
5.888616646330899584e+01
5.065347286846119346e+01
6.411909546024763529e+01
5.141753369237358129e+01
4.815107555482585155e+01
5.686015167219844813e+01
5.012371230934114408e+01
5.364351025418450547e+01
5.727268208728394683e+01
5.600986827052207673e+01
5.945222780225536496e+01
5.618650637943778747e+01
5.653390953375181027e+01
5.621593238357984745e+01
4.957239038773966655e+01
6.004814417637950896e+01
5.258272471723951469e+01
4.811262295031455238e+01
5.873504773837232307e+01
5.088682038447017675e+01
5.452533968089797156e+01
5.132276284954992462e+01
4.981750304106073912e+01
4.869923282568991141e+01
5.627662346598880561e+01
5.100154454716801666e+01
5.655498568073805643e+01
5.089236490521781775e+01
5.004536588435979638e+01
5.302435292379309573e+01
5.139345394304070425e+01
5.066557796784599077e+01
6.831899558390729510e+01
5.726424895357943257e+01
6.960738502290502083e+01
5.492657044281720147e+01
5.932054718991151532e+01
5.352462600881203514e+01
5.729132686888407022e+01
5.454050841148985285e+01
5.578078128053831364e+01
5.373871595642151533e+01
5.139009609731911610e+01
5.224826926065986044e+01
5.247950869512792593e+01
4.928370304020672421e+01
4.355147935162266037e+01
4.700102813932149104e+01
4.564890197094825197e+01
4.575062622852416894e+01
4.717733553731697071e+01
4.875333397717223960e+01
4.672059955067340553e+01
5.059546034806299275e+01
4.636662362749875399e+01
4.446440579268330850e+01
4.928918366167633280e+01
4.652004705482396218e+01
5.049294127288104050e+01
6.003382876959718573e+01
4.647022668526689415e+01
4.427604715220383014e+01
4.348470733094233509e+01
4.311174383040224001e+01
4.618667231555658503e+01
4.870187306795688897e+01
4.729489041302674934e+01
4.557344086517904458e+01
4.217080992660934413e+01
4.092265893902663976e+01
4.172160502673228422e+01
