5.220087999999999795e+01
4.279525018946112880e+01
3.468129700530855075e+01
3.964379826457361844e+01
3.593081600146471288e+01
3.949945879216419797e+01
4.064167666263031009e+01
5.706775977123135135e+01
4.937463663607432807e+01
4.818258137955958631e+01
5.031549937672289019e+01
4.234721350709401122e+01
4.602824444353453259e+01
4.995121730725627174e+01
5.775856312988170060e+01
4.522110325112620188e+01
4.955319516286514414e+01
4.571567439401598421e+01
4.619175325415125855e+01
4.640811482797959542e+01
6.347535472688446845e+01
4.280522228689402198e+01
5.722391585277203774e+01
5.663050309292874118e+01
5.299756076310964659e+01
4.592959507783646700e+01
5.649108147271030589e+01
5.108113896042552682e+01
5.356840321673396232e+01
5.426651778516811220e+01
4.902581233030868901e+01
5.537724525825804278e+01
5.485087782402035117e+01
4.572135330306910106e+01
6.287622764921474072e+01
4.023171750132018332e+01
6.717167934736458790e+01
4.477970416510905949e+01
4.971850117107744182e+01
5.523093143210434874e+01
5.881826118133778891e+01
4.144806095587624384e+01
6.257732743019888488e+01
5.477887523930375124e+01
4.678428788189007292e+01
5.928703131494814471e+01
5.713318501749383671e+01
4.210447390650843147e+01
5.781404798287280755e+01
5.122709656973195536e+01
4.405238331836845589e+01
5.994271228704151611e+01
5.779330384442601343e+01
4.519506195614100363e+01
4.750753733308774684e+01
5.366444976608576667e+01
5.353045713438518050e+01
5.108577782776583831e+01
6.319868243137450037e+01
4.995288508797712979e+01
4.614033307704820430e+01
5.418825342848433735e+01
4.508892319670041360e+01
5.027761847970526787e+01
5.719189385616952137e+01
5.582228261125904822e+01
5.857052972993503914e+01
6.290106714086871875e+01
4.639346981975009498e+01
5.944814354053679750e+01
6.030492367197181380e+01
6.008552922944230090e+01
5.628476626257361914e+01
6.166056893193026411e+01
6.676414107249718199e+01
6.122058849538495906e+01
6.521692222889861057e+01
5.955302108319227727e+01
6.716565233092171638e+01
6.979621579935326281e+01
6.563124988396465653e+01
6.643777669723195345e+01
6.719276479598201490e+01
6.827335652433870905e+01
5.457366555760654592e+01
6.492113286848446307e+01
6.330036388926881585e+01
6.293246751465388655e+01
4.947189427080008528e+01
6.396297546509455856e+01
6.223978919044461122e+01
4.623139953757707588e+01
6.273731785430420871e+01
6.113510739648894088e+01
4.828307561850787266e+01
6.217731585275996053e+01
5.070014038992164274e+01
5.973350015120772127e+01
5.620966860948220756e+01
6.284205157984757761e+01
5.209149706960905490e+01
4.952536112037065408e+01
6.447482998865355341e+01
4.919596083136467257e+01
4.688930828636809167e+01
6.361090091315060846e+01
4.920348372988530627e+01
6.435577436266092377e+01
5.976547324728377220e+01
6.593383076449177338e+01
6.106119821878587572e+01
6.904611154442130783e+01
6.616555872483976941e+01
6.523235129114144115e+01
6.644855020431813841e+01
5.843093316068743803e+01
6.699599440871038780e+01
6.559034784336373036e+01
6.489342729618878991e+01
5.788890436798176609e+01
6.288305077329039250e+01
6.537784520621019624e+01
5.992224862526813212e+01
6.270833802405983448e+01
6.223584222085663953e+01
5.974065026117667543e+01
6.278528373776111238e+01
5.972531427332194198e+01
6.296180453378353548e+01
5.977246471457647914e+01
6.064457098403368462e+01
6.224590536023150378e+01
5.717282073643433904e+01
6.681578459914253187e+01
6.221183096201775697e+01
6.599654932763480986e+01
6.556944853441476084e+01
6.629339397772562847e+01
6.188279054194720885e+01
5.914613583829248000e+01
6.346198902099411043e+01
6.705920974243339572e+01
6.515511007076638350e+01
6.660554741694029701e+01
6.049348311529259803e+01
7.097059435052455001e+01
6.965092328419888190e+01
6.788256446119929421e+01
6.684694259814014572e+01
7.241431371180324561e+01
6.794335459245543518e+01
7.279092275026984282e+01
7.375451498037064368e+01
7.457786874383606346e+01
7.443762467862444510e+01
7.229723635160057427e+01
7.142738244932105829e+01
6.887834787069178333e+01
6.672244309558730890e+01
6.526729694661638348e+01
6.391466607912601461e+01
6.376959846473947380e+01
6.048538226293015185e+01
5.784544582639239962e+01
5.896718868934079438e+01
5.760768276091776130e+01
5.029470143141642069e+01
5.291603034976638043e+01
5.281729370708998061e+01
5.367449781456772229e+01
5.459018848181319328e+01
5.060598438265800780e+01
5.080633121455549883e+01
4.813231854534640064e+01
4.627574399884560563e+01
4.607131074821128891e+01
4.356837041246725306e+01
4.066535981765593277e+01
3.512342409352124406e+01
2.529958132033219442e+01
1.401194089585096592e+01
4.355087991501731537e+00
0.000000000000000000e+00
0.000000000000000000e+00
0.000000000000000000e+00
0.000000000000000000e+00
0.000000000000000000e+00
1.126894315685623127e+01
2.076034438755565503e+01
0.000000000000000000e+00
2.397040361768484118e+01
2.997059806755751410e+01
3.155782907474602439e+01
3.651441648539287144e+01
6.772107575400673340e+01
9.367652107693842822e+01
1.086092948868945740e+02
1.431638588983160787e+02
1.062354009595480164e+02
1.007377521052678020e+02
1.015561653020391191e+02
1.001154050006882699e+02
1.006440377815825116e+02
1.015508005797230027e+02
1.016571600045945161e+02
1.044965830962191546e+02
1.033389663069962836e+02
9.523519088480171035e+01
9.430059715826213562e+01
9.099134835603329918e+01
8.768826164010646096e+01
8.870535095614233967e+01
8.664977535569093448e+01
7.708439540563918513e+01
4.431708117722264006e+01
3.529701420079727114e+01
5.330001137451199611e+01
6.194819708983572326e+01
5.220201997514399750e+01
5.918419689400079164e+01
5.290298836425844087e+01
4.108708941919114466e+01
4.493010439994265681e+01
4.064287179779933723e+01
4.074982806403459534e+01
4.769990845315649608e+01
5.682551320888338608e+01
4.349610123518615978e+01
4.835222650765049224e+01
4.508725439697411019e+01
4.665753465715683035e+01
4.142055014643728583e+01
4.178661833821550431e+01
4.478047114058432498e+01
4.500733290403349685e+01
4.206806095575503690e+01
5.007069877614539877e+01
4.752785502339661861e+01
4.423363708868596689e+01
5.886810528832283040e+01
4.673088117921206219e+01
4.363278436673522975e+01
6.025822748278230989e+01
4.262193131728724182e+01
4.739441027216488322e+01
5.874550372258729425e+01
4.188340460879359028e+01
6.165445372148403180e+01
4.187335557523121565e+01
4.543462266496771917e+01
4.666325815915270425e+01
4.198883958773021163e+01
4.775411554064524466e+01
4.340836058659836993e+01
4.531487799039172870e+01
4.861707143974080481e+01
4.492255329296115463e+01
5.591584564660333001e+01
4.054771243827445915e+01
5.304340955282292214e+01
4.749126494009591681e+01
4.483440368635354645e+01
4.888694931167145796e+01
4.904020391415443214e+01
4.884519769341849837e+01
4.283936832212126689e+01
4.491288151539917806e+01
4.887177585648611000e+01
4.726812974744540696e+01
4.268520171482111181e+01
5.584805126325628066e+01
5.618854893880698853e+01
4.879664892861931946e+01
5.818838835353300709e+01
6.152953237992950619e+01
5.589635603141952913e+01
6.124965422198184939e+01
5.231598880574888710e+01
6.283567296741338026e+01
4.471244177035365652e+01
5.368020936297119761e+01
5.906114185300501873e+01
5.546891390486002393e+01
4.656657605690643464e+01
6.008423509849875899e+01
5.457399873787672817e+01
4.708220041498689312e+01
6.026726304577699977e+01
6.523934783022870931e+01
6.318774853887242671e+01
5.941906235310925410e+01
6.460095533573627335e+01
5.925078374200139564e+01
6.761022667440403211e+01
6.318006922517913893e+01
6.967013380405813905e+01
6.375547403007948333e+01
6.475043301700576137e+01
6.095634705203028858e+01
6.971124492688045393e+01
5.480108390643101046e+01
6.354134369499195856e+01
5.789267355420415129e+01
5.067849789388370141e+01
5.960860746339802319e+01
5.488530235554644321e+01
5.695346241591206393e+01
6.096857773513598744e+01
5.197354049998661907e+01
6.115152706026697871e+01
4.263266801739165146e+01
5.751905047702512519e+01
4.946930379219593732e+01
4.945097802751036653e+01
6.356289961688131740e+01
6.192304596101406844e+01
5.197381639358548711e+01
4.567278586188667333e+01
6.190046971898328820e+01
4.539821035962543050e+01
4.643688563381654433e+01
5.619591590026040961e+01
5.014015628692796867e+01
6.262561554297927557e+01
6.453362548689611344e+01
6.047535349944320160e+01
6.825032434378640289e+01
6.252072052545846503e+01
4.822052140520370500e+01
6.591935483076018443e+01
6.681337383397173824e+01
5.873840611851527882e+01
5.728867732957707659e+01
6.896879867423477606e+01
6.424865466725435681e+01
5.963029387445635621e+01
6.338215381751696498e+01
6.209352903399204848e+01
6.139918384710200883e+01
5.085497601901457188e+01
6.525765847968304456e+01
6.042130903421912080e+01
5.676636178057174931e+01
6.598347245040896780e+01
5.643733895964902558e+01
6.560967636086749621e+01
5.398114033590123739e+01
6.408118647614550412e+01
6.522572703349258916e+01
5.893462022600875372e+01
6.190838500885050877e+01
6.158422411989264589e+01
5.875853161944019121e+01
6.422189840740179534e+01
5.684052833192370002e+01
6.319264017051117577e+01
5.212811327773869863e+01
5.348486237792804587e+01
5.952057773457222822e+01
6.108052659807413676e+01
5.529621396232995068e+01
6.553822332137058027e+01
5.762829708674227192e+01
5.825831306847484115e+01
6.161639031896477547e+01
6.278423705168066249e+01
6.312378967704270138e+01
5.895002243716648849e+01
5.927323032125881497e+01
6.058222369790058792e+01
6.402551508452761198e+01
5.880077210377032770e+01
6.543071295838211654e+01
6.268225208322331810e+01
6.447232419937319037e+01
6.609956996483643366e+01
6.627852661652971733e+01
6.548122648064803286e+01
6.264150737327001650e+01
6.695724909720871665e+01
6.824647564770556585e+01
6.427792573984655178e+01
6.810458306111830495e+01
6.732187299821475790e+01
6.982108223128494728e+01
6.946243288862922327e+01
6.924860631715093007e+01
6.592964702198068494e+01
6.738092557798827897e+01
7.001875338757533029e+01
6.862543842867191302e+01
6.848929433073348605e+01
6.619807186547335220e+01
7.086864475978642020e+01
6.332725290961039377e+01
6.921075794656510993e+01
6.548916015879913743e+01
7.235805214228869886e+01
6.160644927350077893e+01
6.641696221309426562e+01
6.431045797780350881e+01
6.577832960534482254e+01
5.974670166795561954e+01
6.372797048465779568e+01
6.576359242384287995e+01
6.314989625935645989e+01
6.076336650637693992e+01
6.100823827954008038e+01
5.937301893335438052e+01
6.117496803571756914e+01
5.830956203916860403e+01
6.166530345684356007e+01
5.806488699052349745e+01
5.168921450659528460e+01
4.917880569133987478e+01
5.418444968014958363e+01
5.373805089704805482e+01
5.174125782320105316e+01
4.986570336547062254e+01
4.779918233817094375e+01
4.841971119140032442e+01
4.439616432023604631e+01
4.006572168394849598e+01
3.499333870282167425e+01
2.643136248350107209e+01
1.753141884897138780e+01
5.626586666342600296e+00
0.000000000000000000e+00
0.000000000000000000e+00
0.000000000000000000e+00
0.000000000000000000e+00
0.000000000000000000e+00
1.656076352781063576e+00
1.209248141874698490e+01
1.456623565559241484e+01
0.000000000000000000e+00
2.362785680739886018e+01
2.685450374706514864e+01
2.613032834493918699e+01
3.219762545440198664e+01
3.579588939194204755e+01
3.461140455435982233e+01
2.833511223421476188e+01
4.829426349727331313e+01
6.630003762792961197e+01
6.506618593201710610e+01
8.659507771614822502e+01
7.710976397675690919e+01
8.770098360528629655e+01
9.300755654872958189e+01
1.065415761274578301e+02
1.289686339845661109e+02
9.573231461044100854e+01
9.912084111649875240e+01
9.469542851547198836e+01
9.493338576762747039e+01
9.755010896752695260e+01
1.043233657959749934e+02
1.044324178159579901e+02
1.049715306765498184e+02
1.037609476164816158e+02
1.013794950827382877e+02
9.942947807018906303e+01
9.342426032192136631e+01
8.621257854774076179e+01
4.559579085422470968e+01
5.696498533458094471e+01
5.040125412625494761e+01
4.362064565118511439e+01
5.707974372389480777e+01
4.201862027097766372e+01
3.769527989643290766e+01
3.446196358372473867e+01
3.397140153584179956e+01
3.243002358819504849e+01
4.093437016364713799e+01
4.349726934906468756e+01
6.487398641746646888e+01
5.603869460537928404e+01
5.912998261258842803e+01
6.356059369639667267e+01
6.165336937784941540e+01
6.081047752295497588e+01
6.293097088748419310e+01
6.159800792561670590e+01
5.994756258571009511e+01
6.109496580802798604e+01
6.240472165848002817e+01
4.889449818379777213e+01
6.185094846083011078e+01
4.681584839735369741e+01
5.544581955104386850e+01
6.013116535708207522e+01
4.849026953373820703e+01
4.347574657547916388e+01
5.573780554600867987e+01
5.779796608535988156e+01
5.760808171985598136e+01
4.447402986928139512e+01
6.185656466999142822e+01
5.324642649770182601e+01
6.210569567805932678e+01
6.096870755072091441e+01
5.838482599146572483e+01
5.694250767059543961e+01
5.665352675021497930e+01
5.733728131711999509e+01
5.018446885964689130e+01
5.883538682694569388e+01
6.133405615871706118e+01
6.330374422818993452e+01
6.641308235065251608e+01
6.656481553174501187e+01
6.671343764706570312e+01
6.472050342233829667e+01
6.390765658263705973e+01
6.313241000060188668e+01
6.472019992073033734e+01
6.273508707872656487e+01
6.363056488461018034e+01
6.053775407904101513e+01
6.345809264828870511e+01
5.740350840365870511e+01
5.941249863560715028e+01
5.572667951478927506e+01
5.898596173266997056e+01
5.787034071124656975e+01
6.245144431177016742e+01
4.893687281587101978e+01
5.680306344188329604e+01
5.772371583391607430e+01
5.800578013038677483e+01
5.901765537585411892e+01
5.717338161544937236e+01
5.504882916040001817e+01
4.843688768074394346e+01
4.966047367969809301e+01
5.924806158681818147e+01
4.760778516558841744e+01
5.972119948640766296e+01
5.171947781183877169e+01
5.049897827353120761e+01
4.468403632751621757e+01
5.747691032840415204e+01
5.510838728593016356e+01
5.729832525068498228e+01
5.666561285539275872e+01
5.869795398414076715e+01
4.727348756556923348e+01
6.343094322571254651e+01
5.076401538728678986e+01
5.664306836168546511e+01
5.003216693246317703e+01
5.734203743497317163e+01
5.969536332277513679e+01
5.875691491644114706e+01
6.073791723352991312e+01
6.053985786073604203e+01
6.133065202663993887e+01
6.348109993226470493e+01
6.610559292718049562e+01
6.159537160013220358e+01
6.205186867821916508e+01
6.052196681287593094e+01
6.238662232370758431e+01
6.494752989027151102e+01
6.694956752439264847e+01
6.279887738041380629e+01
6.724785775156504997e+01
6.715218856155347282e+01
6.690783533348511014e+01
6.840436700073458098e+01
6.640090651172002367e+01
6.390645611460416120e+01
6.273438701463700085e+01
6.239771058014350302e+01
6.398435774294569711e+01
6.269408460101239911e+01
6.151854846956268119e+01
6.653859173873350130e+01
6.711628430923866517e+01
6.610885905031118170e+01
6.775444382716872838e+01
6.749235370122040933e+01
6.662550894027857851e+01
6.861589248316339251e+01
6.722058703580135841e+01
6.801837052755357149e+01
6.591605738174257567e+01
6.829312239870036194e+01
7.047909596667263088e+01
7.048028682318133065e+01
7.049754695923913062e+01
7.037369267765541281e+01
7.015625217160085469e+01
7.154416411989750202e+01
6.884162636750389197e+01
6.848404239020270268e+01
6.603154590535521606e+01
6.495487455763957030e+01
6.327498484812501545e+01
6.321813130025780936e+01
6.118600142525843921e+01
6.545964371562477879e+01
6.736262358300702147e+01
6.472237099506865832e+01
6.328245359730819786e+01
6.074697702256668208e+01
5.311664386043150188e+01
6.159691551314257651e+01
5.815879409397300037e+01
6.215463535359753422e+01
5.344985763886678143e+01
5.885503225357329171e+01
6.026666534305491041e+01
6.028309769922277894e+01
5.654963719095913177e+01
6.001952596648744276e+01
5.343390315805834945e+01
5.649340335532268398e+01
5.759562875368528978e+01
5.879987018673590882e+01
5.936644393608356296e+01
5.849606495863597644e+01
5.821251832012747940e+01
5.823357634138554317e+01
5.610975393989889426e+01
5.747595085130090808e+01
5.764471640226523874e+01
5.901973103271597410e+01
5.528062265080249915e+01
5.935673510682421039e+01
5.416511571216496890e+01
5.193604591610041155e+01
5.986915163047571298e+01
5.796441537372711394e+01
5.947838958338172688e+01
5.948017740136649678e+01
5.353190954551740788e+01
6.098743395634473075e+01
5.459099181483998819e+01
5.803025045080094202e+01
5.844884688109285520e+01
5.925692868671738012e+01
5.852791183052852375e+01
5.695750796105515690e+01
6.003841068437370865e+01
5.751030712143644763e+01
5.801079773183712263e+01
5.831510414733229197e+01
5.964859313444362954e+01
5.656417941645528202e+01
5.759015285684127150e+01
5.270727436975423075e+01
5.844662069860198983e+01
5.543855729894413997e+01
5.754487505519717416e+01
5.572975728127430983e+01
5.129297342487229372e+01
5.088314635118801732e+01
4.906994401894315416e+01
4.831376735541107337e+01
4.708655420973248340e+01
4.263193457200605962e+01
3.652167363412034007e+01
2.688809340715463136e+01
1.325020639853984505e+01
1.504052948396026324e-01
0.000000000000000000e+00
0.000000000000000000e+00
0.000000000000000000e+00
0.000000000000000000e+00
0.000000000000000000e+00
0.000000000000000000e+00
3.219705012746487682e-02
0.000000000000000000e+00
2.077074463406273708e+01
3.055321237101342646e+01
3.545557712635601888e+01
4.118795929660181088e+01
4.420924358115965447e+01
4.941244708613982084e+01
6.232702859103810766e+01
7.156637998350369401e+01
8.146843392861944722e+01
8.951370839398448709e+01
9.480631331809529172e+01
1.107926019963686599e+02
1.270923752312829151e+02
9.472497461009824349e+01
1.015304134349196659e+02
1.044128750249532374e+02
1.039868860494616314e+02
1.067738017338735119e+02
1.089396195138899230e+02
1.068929765578341033e+02
1.048968763034364571e+02
9.843412910291925755e+01
8.870408758221037715e+01
7.263307522308321040e+01
7.335799647671309742e+01
3.906965986825470338e+01
3.110309137125434376e+01
4.012184487222499740e+01
4.028571208141125481e+01
3.803987850329492204e+01
3.237873041405822505e+01
4.106753557958602840e+01
4.741114189475769081e+01
5.704700024896272481e+01
6.828274612311557235e+01
6.172263127942781580e+01
6.233153671291092479e+01
6.149325969330151054e+01
6.475704532886463483e+01
6.353236775445190432e+01
6.038639850367578532e+01
5.916780768575842586e+01
5.586385373480771221e+01
6.207867106576846083e+01
4.301958194923359713e+01
5.579900301123272754e+01
6.055702097399225181e+01
5.311518306104589016e+01
5.775526432445674629e+01
5.730132128928678981e+01
6.175489716769200754e+01
5.733901531811905272e+01
6.404390542113611673e+01
6.315509594011246008e+01
6.199596528419804287e+01
6.661227547774772972e+01
5.908232419918222433e+01
5.537275982386700690e+01
6.273249799744449007e+01
6.215710094242111694e+01
5.920198303162025866e+01
4.654312444559153050e+01
6.267058138138631307e+01
5.868391793018030711e+01
4.653176919145286661e+01
5.523920946392077980e+01
5.651531620772149012e+01
6.279547988391490776e+01
4.853368295700062163e+01
6.096427332465948012e+01
6.105791672649954904e+01
5.363461706629354353e+01
5.785324521973546297e+01
6.247365526616824383e+01
4.733385579500542661e+01
6.423836757845639056e+01
5.679327985764096098e+01
5.653589048779863191e+01
6.159536077492753492e+01
5.861279795263324388e+01
6.259547953263221842e+01
6.269244825774956098e+01
6.604108140069038768e+01
6.806717882933429564e+01
7.030512794487987094e+01
6.864621685677920482e+01
6.256907660668230875e+01
6.414436864964928020e+01
5.953667885171434904e+01
5.784791956269800295e+01
6.013978624430590258e+01
5.729049803461477808e+01
5.617291302905680084e+01
4.941136129688505463e+01
5.436300711524408058e+01
5.823082465513448369e+01
6.043028414227599399e+01
6.016942174071925820e+01
5.650436158869296577e+01
5.396392638668149289e+01
4.473402770350951130e+01
5.028101998056384048e+01
5.088570902736092449e+01
5.850278841968892607e+01
5.477455765049250402e+01
4.813654622837112385e+01
6.164946598263000510e+01
5.845275435909149309e+01
5.359868449199380791e+01
5.939933345498265993e+01
5.857862191981435984e+01
5.973396642318466832e+01
5.063258737881964322e+01
5.115519919612567890e+01
5.779060561466284440e+01
5.964472536447499351e+01
6.242733570112793018e+01
6.452261122633380808e+01
6.576634627289452339e+01
6.677091529967862016e+01
6.761433674100237567e+01
6.628249661365549628e+01
6.680321723393196010e+01
6.701163852304526358e+01
5.945788029877813585e+01
6.364627256191899107e+01
6.714212261986713770e+01
6.609446276566761469e+01
6.749990612505209242e+01
6.585451508590294623e+01
6.397376842642975703e+01
6.822760401838426958e+01
6.631346939952874209e+01
6.531515583627970045e+01
6.334451130994582968e+01
6.695323829809117910e+01
6.257278061630481147e+01
6.204432453521904023e+01
6.034170336966784021e+01
6.184662814771867545e+01
6.259822843425207850e+01
5.966534962718364454e+01
6.205066130964024040e+01
6.242053881034136964e+01
6.228408826450279179e+01
5.776711962178438142e+01
6.326419499345341535e+01
6.190153844259992866e+01
5.979639227115473687e+01
5.106383679964179123e+01
6.039476093052927297e+01
5.556291874202226921e+01
5.132108996236684817e+01
5.927646905412884593e+01
6.353864665442961268e+01
4.691306391624583938e+01
6.429759339121167727e+01
5.682799072367470927e+01
6.382007306011131931e+01
6.331854302931441936e+01
6.367711376770431997e+01
6.520047971037550383e+01
5.905586691110698894e+01
6.434270804170829194e+01
6.661863430984170975e+01
6.789396988637508912e+01
6.624035786004847637e+01
6.603596054029740969e+01
6.786811623746122279e+01
6.694131765070004292e+01
6.892762612303511105e+01
6.641682324667634418e+01
6.896107139035012779e+01
6.713235711492885116e+01
6.795064961531485892e+01
6.454354268963484742e+01
6.305805997135561114e+01
7.032013281236136493e+01
7.007682015766363293e+01
6.675466311929001506e+01
6.404512448792969792e+01
6.734639133552067847e+01
6.729141326737290285e+01
6.562356687969275981e+01
6.401459363604615760e+01
6.520334993272264512e+01
6.478306914295063734e+01
6.189732684024229314e+01
6.014716265799095396e+01
6.146469120134406694e+01
5.484723016647807725e+01
6.224692485045108015e+01
6.005917588495881176e+01
5.874501923478619148e+01
5.896951248756580810e+01
5.913890434772402926e+01
5.717563546136419461e+01
5.802892038348188919e+01
5.831571202556997946e+01
5.265856001026924105e+01
5.414592253074608408e+01
5.503650433937843900e+01
4.961217390667374616e+01
5.446738655977391375e+01
6.002041423803152043e+01
5.217830498894657154e+01
5.429463913992758961e+01
5.969208295057253366e+01
5.059885448340770608e+01
5.544858710035465776e+01
4.949136317739606028e+01
4.683602483513726611e+01
4.439685049586336163e+01
3.788286854448863750e+01
3.170853133726851070e+01
2.407700836462171878e+01
1.121145399315592783e+01
0.000000000000000000e+00
0.000000000000000000e+00
0.000000000000000000e+00
0.000000000000000000e+00
0.000000000000000000e+00
1.860805677822654047e+00
1.721786004134047943e+01
1.095916729930737432e+01
0.000000000000000000e+00
1.904044858100543181e+01
1.649661143513867856e+01
1.877575365862925594e+01
2.790370774869319348e+01
5.549000572797602615e+01
7.165154941711696779e+01
7.898206334230573589e+01
8.377544274634243493e+01
7.847029793178343482e+01
7.863574939111886408e+01
8.132861853453367473e+01
8.206710769978499798e+01
8.648292774736442823e+01
1.106337803430960491e+02
1.244806221206568466e+02
9.951562626267664768e+01
1.001598126369108144e+02
9.985031265132738554e+01
1.000476148552114921e+02
1.049500413706375070e+02
1.054534150617063375e+02
9.999326079373308573e+01
9.566252828107404582e+01
9.338057819519201530e+01
9.293537067461605261e+01
9.301551973152287189e+01
9.037222306242482261e+01
7.955690073526803019e+01
5.669262820189680241e+01
4.008064975389875428e+01
3.729538029930749587e+01
4.144845073510412448e+01
5.558800233919246381e+01
6.303646585534556834e+01
6.253077397005796456e+01
5.874250090940014246e+01
4.189142208428978620e+01
3.998019558589945177e+01
4.081296277811091500e+01
3.764645291884373535e+01
3.925190877233054465e+01
4.856151849705324963e+01
5.872955146322781417e+01
4.496630873080665225e+01
4.887453199411044125e+01
5.733838151207707057e+01
5.800836097753181519e+01
5.805735820128497693e+01
5.388496739502149069e+01
5.656192191520347023e+01
5.543695804206205224e+01
4.759618311546650204e+01
5.758372032653642236e+01
5.302582134353340848e+01
4.873789236222672372e+01
4.817957475276873680e+01
5.563046984787636262e+01
4.531376920875101177e+01
4.369554811146065276e+01
5.585275630719441864e+01
4.806107723119537667e+01
5.449752087692578328e+01
5.869841921517718220e+01
5.360052357441591653e+01
5.505686290448705478e+01
5.461624963370011443e+01
5.877060271625326493e+01
4.893581527043454571e+01
5.771109198222498549e+01
4.771502945761791636e+01
5.740501019015639628e+01
4.883608863302586656e+01
5.664346197677547678e+01
5.879878805708069933e+01
6.042674750814699536e+01
4.386155766150653790e+01
5.839826510867138154e+01
6.008469424226048972e+01
4.859033209419834520e+01
4.966187448289463191e+01
5.936804062550990579e+01
5.854311791685960742e+01
5.824894187853676897e+01
5.899537479824823549e+01
6.326467158404742719e+01
5.729782905500748313e+01
6.137156331705625689e+01
6.567163560855024684e+01
6.125256677242271053e+01
5.869418001329755441e+01
6.084369198839858228e+01
6.096738267711268833e+01
6.312331204443162136e+01
5.999090220095648363e+01
6.080857512573326318e+01
6.312023748979584781e+01
5.708380826521583629e+01
5.603716202995376250e+01
5.863576787214726949e+01
5.976639460755335165e+01
6.125191787104666474e+01
6.691593986596043919e+01
6.532463938463379804e+01
6.530959854740147819e+01
6.214310279457395580e+01
4.871605350316819738e+01
6.419770970501062379e+01
6.526713391197770875e+01
6.546739346711454743e+01
6.885426196675354049e+01
6.709322285132408581e+01
6.346576885096667553e+01
6.363468011512862432e+01
6.405008792965169562e+01
6.257199315171689591e+01
6.040941991527398613e+01
5.989258639925311201e+01
5.948042510383894665e+01
6.135306901455422235e+01
5.049329186388512625e+01
5.621554418289098720e+01
5.876443787611568581e+01
5.499627205067255176e+01
5.110039926894562257e+01
4.628332243332403806e+01
4.233496828895727759e+01
5.756971328182600445e+01
6.236362172556570727e+01
5.163744737424143949e+01
5.954004355085626798e+01
6.144850411533265344e+01
5.860201556535885459e+01
5.515702661662253803e+01
5.045092198753012980e+01
5.984319692339504115e+01
6.034617052000432835e+01
5.948262992814726147e+01
5.722853771358654740e+01
6.038577620362267595e+01
6.293900147917194943e+01
6.765363116311510794e+01
6.956762301765202494e+01
6.834586121072628373e+01
6.925950818951375254e+01
7.109752475917105130e+01
7.059752199060066857e+01
6.727373123983795722e+01
6.626608563915702632e+01
6.809826001093685477e+01
6.461075142749517397e+01
6.428114404670134263e+01
7.064847773690199517e+01
7.284323856725065127e+01
7.479921546120269227e+01
7.327697677077919991e+01
7.268733698302555979e+01
7.382153310422106074e+01
7.270593780050947430e+01
7.234559206630856920e+01
7.100516753100279743e+01
6.800478544524163738e+01
7.289902522948557362e+01
7.014929516703719514e+01
6.489835956467533151e+01
6.865265720835272134e+01
6.505038513354523388e+01
6.287814144559849439e+01
4.801844397014266264e+01
4.599324778232077904e+01
6.839358238846729421e+01
6.619873412778760269e+01
6.232973119132752515e+01
6.464825001731891518e+01
6.230845206075196074e+01
4.740900991701737155e+01
5.335968613077820777e+01
6.121081478550604515e+01
5.299980940261113460e+01
6.581766777430517834e+01
6.281265937219172457e+01
6.635804297028991527e+01
6.641232367209474319e+01
6.663615389440217029e+01
6.531939943891239864e+01
5.172817306614454935e+01
5.824279720367579927e+01
6.424488346525679106e+01
5.910963026640042983e+01
5.934430895402382333e+01
5.214399770099164044e+01
6.323789667165481632e+01
6.209896491445903877e+01
5.851132471072660479e+01
5.905113855786667187e+01
5.701594763991721493e+01
5.499253910452792837e+01
5.977078173170882991e+01
5.998889420300011466e+01
5.735492395343721483e+01
5.415067717449039009e+01
5.927831286113887188e+01
5.822359798521136298e+01
5.770060117147619394e+01
6.008057355260308441e+01
5.914070877390334147e+01
5.571346161466789937e+01
5.841737126304436600e+01
5.368376524361157465e+01
5.858336631189450117e+01
6.047418454702148694e+01
5.875844404481265570e+01
5.760868728112058079e+01
5.873581857429887521e+01
5.900238893273836283e+01
5.956031156876381516e+01
5.987603734979703063e+01
5.886516637747129010e+01
6.012279000077591462e+01
5.873995076360320411e+01
5.649931179817868809e+01
5.852700653053572211e+01
5.931724717963208349e+01
5.878623680014374031e+01
5.817049198734184046e+01
5.534486434456955095e+01
5.728617639187542210e+01
5.771601172644824373e+01
5.403231556550664294e+01
5.512611671126588675e+01
5.894140278905187813e+01
5.560015964098620600e+01
5.403172457754291713e+01
5.432044448098518785e+01
5.245711990213162323e+01
5.402089104186649848e+01
5.809647224737028637e+01
5.312147786270685401e+01
5.050939925256108154e+01
5.053021043725868111e+01
5.074158779852120915e+01
4.763329190218905751e+01
4.388727025957290095e+01
3.858786267164265382e+01
3.165320796739341347e+01
2.249612185745395720e+01
1.209756568878978555e+01
3.352431181115564485e+00
0.000000000000000000e+00
0.000000000000000000e+00
0.000000000000000000e+00
0.000000000000000000e+00
0.000000000000000000e+00
6.574305166355109975e+00
1.275367632188779865e+01
2.008015703423937026e+01
7.035685119716461600e-01
0.000000000000000000e+00
1.693272163509109873e+01
1.914771207952015430e+01
2.521701827326128864e+01
3.247688456373113297e+01
4.064377465885961271e+01
6.191568758207238687e+01
6.730029294944760920e+01
6.531641779623298305e+01
6.294222703845815658e+01
7.708163984448799511e+01
8.899668222493680503e+01
9.627670416689582567e+01
1.049007423608644558e+02
1.227439765143032844e+02
1.210421589068068187e+02
9.958967576813267897e+01
9.837083908412139976e+01
9.802592576234287947e+01
1.004084034586484080e+02
1.020850428891952646e+02
1.003688316111188641e+02
1.008851654692492872e+02
1.043335615947590611e+02
1.040240704542941614e+02
8.696927651003460369e+01
6.544327191890425865e+01
3.979234232198803767e+01
3.215150291881218436e+01
4.088714206762750081e+01
5.914061862724641117e+01
6.803177190842745858e+01
6.247621616775539621e+01
4.530044065531289732e+01
3.686239164509407118e+01
3.959502807480208020e+01
4.159756686341363974e+01
4.748332973639637800e+01
6.019736988311602488e+01
6.100571332049301532e+01
6.519978548025301279e+01
6.565524416563968657e+01
6.217034474853382875e+01
6.351590096639929328e+01
6.293288875455382225e+01
6.290301852366423674e+01
6.261817702798560248e+01
5.987431282479477090e+01
5.897996526930909056e+01
4.613618079827154617e+01
4.859136903950581399e+01
5.730828646061153364e+01
5.642519933258332543e+01
5.698007928173771575e+01
5.804202764979872597e+01
5.832902831652648956e+01
6.163602955826801377e+01
6.321615541015164297e+01
5.818848380517370344e+01
6.192432277836015686e+01
6.265950499691169284e+01
6.162354411748508909e+01
6.316927329645183420e+01
6.146871123856603703e+01
6.078977200518703938e+01
6.501870480498607208e+01
6.321443335965022925e+01
5.946821647714990178e+01
6.322035360498742307e+01
6.170368742726646616e+01
6.155706278010154620e+01
5.983426952399160115e+01
6.143518099543079103e+01
6.161118782064879440e+01
5.721956776694796787e+01
6.240359265375380460e+01
6.033784144993619236e+01
5.085765525636015383e+01
5.489917260905117047e+01
4.915458155857831457e+01
4.856036499260400774e+01
5.964504121932691305e+01
6.121256944331109651e+01
5.874947584294655201e+01
5.701941154693719938e+01
6.242457377711105693e+01
6.530891398535227665e+01
6.721568949673377347e+01
6.742198876388597739e+01
6.211211396435385268e+01
6.291760162487381081e+01
6.426419580579928947e+01
6.059913627809985570e+01
6.213767161541348116e+01
6.040211195725796500e+01
5.083417767286192657e+01
5.617946586179358803e+01
5.966179226956507620e+01
5.544682613481770517e+01
5.419095432949337265e+01
6.034693952518157545e+01
6.178664736372719091e+01
6.045670882791018386e+01
5.877549825458167732e+01
5.919911232074769458e+01
5.832848417572199651e+01
5.731627856947684307e+01
6.057280202007122938e+01
5.930473792814002820e+01
4.792957169421815422e+01
4.619480247027972553e+01
6.017445045632305778e+01
6.340381433889088214e+01
6.055202845614568474e+01
5.968105853070739641e+01
5.423699724957755564e+01
5.821116052365299254e+01
6.229881123618530836e+01
5.934558769876975504e+01
5.988686466255457219e+01
5.899779050896035670e+01
5.001153795300619009e+01
5.068574164842097218e+01
6.144449383823694433e+01
6.356240814172085862e+01
6.361083582156452820e+01
6.587853897420352212e+01
6.743985698918440619e+01
6.927016924965360545e+01
6.970296846299304150e+01
6.938617050492594274e+01
6.972855389543707361e+01
7.000984809316236124e+01
7.010480404093206630e+01
6.914984235834511139e+01
7.037093085449025409e+01
7.060468091508421651e+01
7.233679541580208650e+01
7.481885540537585655e+01
7.343179994169084068e+01
7.187494121628235177e+01
7.248382568971094031e+01
7.321595684243727931e+01
7.038097232353526067e+01
6.954956462321136712e+01
6.991249423525852080e+01
6.985494442831662809e+01
6.815247909830458184e+01
6.682466138384060628e+01
6.728096034384361701e+01
6.343090675138898860e+01
6.436022337041733010e+01
6.771645039371550467e+01
6.393132115660551307e+01
5.975342297212812070e+01
6.462966884106924681e+01
6.295004850718213163e+01
5.403981057128355303e+01
6.215177720599020716e+01
6.501989736775595929e+01
5.955662654116262189e+01
5.561156600308640918e+01
6.309026592145708179e+01
6.175596393195258571e+01
6.047597815914069486e+01
5.430681375013946166e+01
5.666954936315530489e+01
5.821951203897462790e+01
6.083606339795484530e+01
6.060079624065877368e+01
5.266516562838561555e+01
5.629281633182726097e+01
5.939818798533000432e+01
5.635250304859489745e+01
5.846835926043774379e+01
5.930187655175667771e+01
5.635159428038731022e+01
5.607713673649303132e+01
5.723943086560441884e+01
5.917515245468680263e+01
6.018808441829252587e+01
5.867687238362863411e+01
5.850587964036833455e+01
5.923310159031932898e+01
6.013479424542891394e+01
5.799900344877934089e+01
5.810542345766519645e+01
5.892231226536595301e+01
5.507578840658590735e+01
5.952745958108489788e+01
6.060011225536186430e+01
5.777798236855543479e+01
5.989559655523488146e+01
5.963280994576899730e+01
5.960439011840753665e+01
5.930710323627113922e+01
5.314675822192960197e+01
5.442858211846915850e+01
5.318001861916987139e+01
5.749252119780997106e+01
5.916918939135447886e+01
5.876225637474590258e+01
5.798040573288613331e+01
5.807854203723927355e+01
5.960568861279374175e+01
6.202514836627145911e+01
6.238157228530484844e+01
5.922361846440291089e+01
5.696923676666092007e+01
5.670120258868795560e+01
5.202234994829330361e+01
5.009925558488563269e+01
4.993206332813822002e+01
5.002077445029520675e+01
4.643774210311116235e+01
4.451980574042442385e+01
4.166308725923911283e+01
3.265914032046705273e+01
2.233501139587356477e+01
1.222760219456311148e+01
3.370292716742701700e+00
0.000000000000000000e+00
0.000000000000000000e+00
1.204586659655362268e-01
2.060091090813216397e+00
3.975223369161810183e+00
9.723813230230923921e+00
1.096717490958119612e+01
6.899624507050852174e+00
8.212210890218077708e+00
0.000000000000000000e+00
0.000000000000000000e+00
8.884979876242002916e+00
1.246550210115656299e+01
1.791182493325221614e+01
2.154228473131480825e+01
2.832500418039219880e+01
4.094438554989972090e+01
6.658121462173885163e+01
7.116666154903352037e+01
7.389232144354500065e+01
7.941747206735249165e+01
8.446225594650871926e+01
8.638765399701226499e+01
8.966361650897475499e+01
9.712223663719309741e+01
1.237788089812360823e+02
1.167193047707121281e+02
9.617148533149271827e+01
9.514927928244941313e+01
9.488412736377983947e+01
9.576664769347996753e+01
9.904821455885046078e+01
1.021445140852933378e+02
1.024493394360718526e+02
1.019590675506130850e+02
1.009131111466419100e+02
1.017460396237539157e+02
9.767514583463342603e+01
8.404401036647797696e+01
6.348295048063964430e+01
2.972456255591735186e+01
3.109979258771194921e+01
4.056198507596067060e+01
4.061446238509316942e+01
3.869154215049521639e+01
3.965600579637774104e+01
4.622186780776664250e+01
5.794544338688955065e+01
5.877598268448679164e+01
6.018170982166554950e+01
6.672221139715225036e+01
6.678980433706612985e+01
6.897345839467975281e+01
6.841580937547966812e+01
6.472633073536057680e+01
6.662085343272440241e+01
6.850554745430666514e+01
6.319402325533141607e+01
6.135486169903899878e+01
6.539828075697941756e+01
6.390840644823425265e+01
5.798924006493977146e+01
5.668257126660539313e+01
5.888494449536622710e+01
5.385243791035905048e+01
5.472372999008790373e+01
5.792387765164279756e+01
5.024734766540474595e+01
5.912112391904122433e+01
6.011156127721687170e+01
4.790088083457872870e+01
5.096258307462254322e+01
5.696340932577278693e+01
5.876738758719331912e+01
6.018273218427123084e+01
6.138847924254300636e+01
6.232351089141253198e+01
5.849912610747553288e+01
6.009905849465729233e+01
5.593831552752377689e+01
5.833965348632990100e+01
6.194820535417983365e+01
6.420483238708050067e+01
6.568565131075261831e+01
6.406327204486338189e+01
6.326189167175757433e+01
6.126205389215038366e+01
6.236557606858254843e+01
6.396763453207346828e+01
5.895998876542502387e+01
5.981179884616421560e+01
5.798870720358400632e+01
5.561387711046275228e+01
4.932970044543842647e+01
4.861782180856116753e+01
4.701799805362746554e+01
4.762168921319720738e+01
5.401119461060910965e+01
4.711838964088349258e+01
5.652335516406034799e+01
5.714190154849293890e+01
4.749074038443342971e+01
5.744594678072461846e+01
5.369604634773914853e+01
4.658191034676509901e+01
5.796668645144790588e+01
5.920381897477628996e+01
5.190217013718282857e+01
5.869031175006203682e+01
5.899557023221358065e+01
5.001971185323510838e+01
5.554304603038380606e+01
5.656803072405973154e+01
5.550868343807082539e+01
4.662111859959965443e+01
4.465061642075465187e+01
5.466016435458586642e+01
5.879792614505625892e+01
6.038461416060935960e+01
6.171101638210515716e+01
5.557217321095740914e+01
6.428227847624084745e+01
6.639710278408675492e+01
6.173520447182913529e+01
6.003837701516247449e+01
5.976459077407947973e+01
6.187205766638044224e+01
6.173824849522006986e+01
6.006237710843705457e+01
6.161477950559390138e+01
6.325303181191638657e+01
6.262849024039947210e+01
5.739416965550907435e+01
5.992203414196440292e+01
5.938517549571628251e+01
5.967495686604976868e+01
5.731760128198106941e+01
5.907798674996377031e+01
6.389177831623243264e+01
6.651819933830343246e+01
6.807040833449634931e+01
6.900489089977604351e+01
7.011485095540172097e+01
7.111613027578700041e+01
7.243741266989674443e+01
7.171117954380372339e+01
7.070981397587614481e+01
6.913104536826185154e+01
6.755480015326708099e+01
6.661742534685399164e+01
6.415424589450891801e+01
6.492243562753165520e+01
6.873625590043700129e+01
6.960825445384634236e+01
6.895572945480337523e+01
7.084003027032269983e+01
7.074720641662760556e+01
7.106655965649831330e+01
6.930011960957645556e+01
6.835323119707780393e+01
6.956023591736642686e+01
6.232185399704372486e+01
6.541199589559222716e+01
6.672929338379552178e+01
6.737562925610333764e+01
6.292904109624728193e+01
5.847780936296206278e+01
6.149122534870494405e+01
6.240264005239303202e+01
6.656835632827984739e+01
6.232905739487048891e+01
5.827683096270262553e+01
5.883532887578068937e+01
6.037960818747190217e+01
6.161737542373492715e+01
6.075698345137196554e+01
6.099840871692265409e+01
5.924598386752739998e+01
5.814657319546238057e+01
5.059350124968030826e+01
5.106510712834281662e+01
4.986718882777582706e+01
5.238810031222708119e+01
5.657130590210095988e+01
5.184034869858838590e+01
5.813922511509039026e+01
6.063502481696019686e+01
6.200157056615474715e+01
6.217657684374227500e+01
6.133593428433213290e+01
5.771806794298897358e+01
5.753472555498586871e+01
5.592999118377607459e+01
5.243752101135154930e+01
5.379312621854629839e+01
6.072783126417799338e+01
6.206450813890187135e+01
6.008138237234231838e+01
6.208287357159807840e+01
6.011911267838253536e+01
6.117111609274449080e+01
6.133711443098874128e+01
6.171771866581259758e+01
5.811020459891189915e+01
5.928820577153196325e+01
6.236716772640860995e+01
6.158454278920618208e+01
6.088008897609336856e+01
6.230425989163590828e+01
6.060907188971514614e+01
5.918269293671540510e+01
6.089799377465867281e+01
5.783718540888242643e+01
5.511597864805705882e+01
5.849297233452340095e+01
5.462634025794854153e+01
5.252037773863653314e+01
4.839629738321873020e+01
4.278774593986824470e+01
3.651124908328620222e+01
2.849144175842350535e+01
1.681316723606667907e+01
1.259280555678509828e+00
0.000000000000000000e+00
0.000000000000000000e+00
0.000000000000000000e+00
0.000000000000000000e+00
0.000000000000000000e+00
0.000000000000000000e+00
0.000000000000000000e+00
0.000000000000000000e+00
1.903472015194598299e+01
2.310493329323119127e+01
2.899875312077811884e+01
2.966897779303301519e+01
3.367874886559770431e+01
5.854754902468841493e+01
6.834378584127668432e+01
6.926369251636920410e+01
7.354456895806053751e+01
7.621343558134417151e+01
8.859385735745100021e+01
8.490452833546949307e+01
8.791652017546890363e+01
9.949950532360077204e+01
1.279790242084051499e+02
1.142167470856331448e+02
1.028129258914386384e+02
1.038574948384520837e+02
1.022972146954833619e+02
1.052347643927681844e+02
1.106094053242009210e+02
1.137025690530626179e+02
1.133066861587526972e+02
1.096847844357493216e+02
9.988501350377069343e+01
7.800702292876931665e+01
3.796124779335973187e+01
1.610494402180637508e+01
2.121160245051368065e+01
4.455193402348795217e+01
6.062677021065404404e+01
3.917297882303158474e+01
3.162392828776311759e+01
3.081393528426745121e+01
3.154340534405069718e+01
4.355347564290959639e+01
6.303990537261515215e+01
6.556539285915174275e+01
6.572432339111620081e+01
6.902713082795311550e+01
6.872971157680436249e+01
6.823639753537381125e+01
6.827432979710498273e+01
6.850400394362853262e+01
6.633244609630682476e+01
6.383351358581203527e+01
6.273199411473820675e+01
6.070554273956123836e+01
5.985910497152480048e+01
5.716923118428760375e+01
5.959112802508057172e+01
6.141680102835459820e+01
6.116749025633319548e+01
5.788798316384532683e+01
5.463735128838700206e+01
4.892347368589431511e+01
5.763985632979180451e+01
5.984888394977581072e+01
5.802118916863186371e+01
5.519798920386450192e+01
5.159708690380242757e+01
5.716026042238842564e+01
5.420752347449119668e+01
5.500577215183137980e+01
4.405625778844567009e+01
4.585126270727818110e+01
4.593656964074335036e+01
4.613050801407901957e+01
5.321546388494915192e+01
5.120308202474380721e+01
4.719328746822497322e+01
4.587377718410754568e+01
5.810309546698073291e+01
5.774074161161258445e+01
6.168164289769843123e+01
6.516953916831548099e+01
6.171759553877747351e+01
6.113676295158985141e+01
6.355559526486765520e+01
6.343993751774195999e+01
6.603853579989610978e+01
6.358430864521678672e+01
6.021314017845274691e+01
5.673427549700020478e+01
5.450174242883058895e+01
4.763657724563950779e+01
5.266900964099140481e+01
5.666962926483976304e+01
4.715145484055101122e+01
4.779290955580191280e+01
4.536505216256651352e+01
5.614526963922990177e+01
5.059439818849701709e+01
5.289590578254976094e+01
5.611585623733216011e+01
5.681711112394273044e+01
5.636600683933339440e+01
5.110290716697203806e+01
5.111412083187854449e+01
4.747866585331560429e+01
4.650264940530735913e+01
5.066221049543769084e+01
5.412660004190045271e+01
5.410044230608512805e+01
4.598115868894134195e+01
5.578388847259436290e+01
4.702864605505357076e+01
5.858101477040209204e+01
4.874578123626260862e+01
5.576533163338704213e+01
4.359997184052181041e+01
5.621119009240696585e+01
6.013223244977728399e+01
5.550892392280770338e+01
6.230648662177723907e+01
5.542384322570931232e+01
5.977750238445069186e+01
6.034263284626403134e+01
5.618402105834801574e+01
5.487071046957547082e+01
5.586413970757106284e+01
5.888322062105078203e+01
6.035181750926906119e+01
5.906588661756530456e+01
6.080345453513574228e+01
5.893393367913672165e+01
4.782985681035960113e+01
5.988449094071124534e+01
4.832822027673596210e+01
5.682112710376853215e+01
4.876059929909501278e+01
6.028574633911581060e+01
5.966406330226045895e+01
5.861863527091208681e+01
6.424682486939207138e+01
6.282629612784942452e+01
6.258984835976663419e+01
6.449268721856536501e+01
6.600282543760994258e+01
6.724169189614151776e+01
6.562276452354278433e+01
6.411785531604462562e+01
6.430834572269145610e+01
6.602817819391289333e+01
6.494617467816654255e+01
6.469700267169187669e+01
6.361267347235246916e+01
6.470972161146356427e+01
6.418620695344756655e+01
6.243117894264562295e+01
6.131892931160965077e+01
6.451391577885803486e+01
6.298760459964395153e+01
6.115869210389796962e+01
6.210446388710985843e+01
6.331550815953636402e+01
6.138801036201132888e+01
6.158883322528208737e+01
6.147990637785736823e+01
6.362064449988427839e+01
5.790349427923288061e+01
6.114128409770285799e+01
6.317767890328886438e+01
6.030785242211804587e+01
6.019240194990113935e+01
6.108553746677506524e+01
6.254539734203031287e+01
5.808375079060910906e+01
5.796717525510491242e+01
6.087684572747493661e+01
5.967868318487148116e+01
6.084022392568564896e+01
6.122045158279721022e+01
6.021862441059028015e+01
5.956065345091834473e+01
6.017999514050114840e+01
6.223330216438917262e+01
5.931488973275679655e+01
6.255355385727371242e+01
5.783567687777120625e+01
6.145388430729196472e+01
6.102843323019279609e+01
6.433465935038719863e+01
6.463046988853783148e+01
6.360771963017506181e+01
6.401664977906987986e+01
6.399126528631244781e+01
6.300031635327757584e+01
5.575057515087100057e+01
6.505100634354920430e+01
6.465504932096885682e+01
6.411614761241216343e+01
6.376808168229312201e+01
6.715607283138604089e+01
6.624613502100963558e+01
6.591652592511442776e+01
6.576147131808039603e+01
6.740460530979127896e+01
6.529890675936813693e+01
6.630802401585857808e+01
6.504771136958581224e+01
6.751471813829608948e+01
6.768281826225488373e+01
6.759112161991215828e+01
6.392948828537416261e+01
6.698991512199765452e+01
6.811587322422712987e+01
6.575390099239572805e+01
6.753564464102855425e+01
6.365248814094273655e+01
6.053728295122263603e+01
6.601046104580701979e+01
6.615352569199457378e+01
6.435544601966537925e+01
6.340026270017285981e+01
6.009732811464665048e+01
5.064008114753912082e+01
4.967133849658086575e+01
4.798146938876580236e+01
4.181714160297281069e+01
3.505109577338193816e+01
2.391740683040258020e+01
8.473825020580081357e+00
0.000000000000000000e+00
0.000000000000000000e+00
0.000000000000000000e+00
0.000000000000000000e+00
0.000000000000000000e+00
0.000000000000000000e+00
0.000000000000000000e+00
1.491467467162240723e+01
3.253545199218115158e+01
3.933227517301143195e+01
3.781266678682705873e+01
3.500281301030749148e+01
3.885674180380929954e+01
6.831877110962572885e+01
7.283329640205511168e+01
7.612072355117315681e+01
7.274994086671576099e+01
7.329831831886569660e+01
8.652756257565421549e+01
9.287328983018056761e+01
1.004780919012943059e+02
1.381121926593122282e+02
1.180956585163522590e+02
1.110902845867747857e+02
1.092100186259409753e+02
1.054626630012623423e+02
1.075530653285674418e+02
1.102699508022568722e+02
1.051598428964514653e+02
9.915679355516195415e+01
1.039772172958279128e+02
9.188101464390480544e+01
8.133025496752216554e+01
2.417815693644284281e+01
1.823480904369096933e+01
3.095445616863640836e+01
4.404293822647773027e+01
4.172702991656726823e+01
3.733390679453913918e+01
3.868682353615314184e+01
4.384020633888318486e+01
5.768263920794783672e+01
6.560471476095304411e+01
6.550323104545080355e+01
6.639293012029131091e+01
6.554726088087524261e+01
6.976505786548389665e+01
7.180559033621808851e+01
7.054758414088414042e+01
6.353534434887657056e+01
6.201622242135515961e+01
6.467939704810812884e+01
5.936637292620266493e+01
6.138739314477047770e+01
6.243579723612587173e+01
5.949180747105152989e+01
5.555940756958826654e+01
5.591681075258306777e+01
4.776608508603840164e+01
4.885017148805115994e+01
5.935748377371228202e+01
4.490618869672816516e+01
5.946488181579007204e+01
4.604335560916259595e+01
6.028533919805995822e+01
5.935414732883793221e+01
5.538258721021743014e+01
6.213077082175875177e+01
5.736534942636374268e+01
5.340083845470922341e+01
6.170273665185208500e+01
4.938997699863514868e+01
5.977993871426060224e+01
6.152683605885001583e+01
5.339578243524672985e+01
6.168111664406233530e+01
6.093595190948027351e+01
6.294720918664432219e+01
5.622384450569651193e+01
5.951893339991124776e+01
6.577011482058900071e+01
6.369553091582996274e+01
5.912261951443118591e+01
5.723684185971080751e+01
6.489624315175973379e+01
6.374889378139573637e+01
6.392920102013016503e+01
6.090604862655929708e+01
6.136829891432395812e+01
5.874559338052951318e+01
6.112343089937961338e+01
6.105375914682475980e+01
5.572290393828753707e+01
4.922568199881954598e+01
5.696299454209233915e+01
4.882942488179276097e+01
6.320673892989166376e+01
4.519126345081863860e+01
5.680102993194668670e+01
6.182169781502948780e+01
4.687821335749582374e+01
5.736594893536570794e+01
4.970205903382703383e+01
5.809133822717708284e+01
5.432639256435727759e+01
5.888213874392324954e+01
4.675653507659158237e+01
5.863286407054084748e+01
4.836101258735930486e+01
5.566354073316308870e+01
4.764512591166364786e+01
5.912623190008848439e+01
4.776454277136653559e+01
6.032238797635069005e+01
5.285891570903186221e+01
4.608790950657893148e+01
5.460061055454808354e+01
5.961960805475203529e+01
6.218162853533122814e+01
5.576340226791977273e+01
5.890630677441455987e+01
6.138801444872603241e+01
4.973158825114057180e+01
6.134846994095912720e+01
5.843202395798832072e+01
5.709918076698704681e+01
6.240064670883421627e+01
5.022439714681264888e+01
5.882800056630031094e+01
5.472926355503674500e+01
4.952636118747969363e+01
5.106730269231547226e+01
5.754276001161879606e+01
4.742771981623088351e+01
5.970063236343985835e+01
6.283164467832007460e+01
6.294974067762654357e+01
6.327704639420946364e+01
6.215296747161657720e+01
6.590260550570877740e+01
6.728804676488077519e+01
6.820958935843815141e+01
6.639130870577571386e+01
6.817658706963138115e+01
6.304846574892998490e+01
6.885667663112251091e+01
6.687556074991597654e+01
6.251131193288175325e+01
6.468628289472556503e+01
5.871025857514950985e+01
6.054651380918804904e+01
5.862401199247669581e+01
6.355836783814651625e+01
6.254981031252982149e+01
6.328642867008505135e+01
6.808867187341310512e+01
6.794374902566275409e+01
6.316882341340144791e+01
6.749809808327056260e+01
6.395208750990509117e+01
6.575386120734928852e+01
6.624709584668343609e+01
6.642101676529050280e+01
6.575601237382383601e+01
6.455663822589822587e+01
6.528458223813004224e+01
6.542194310550664227e+01
6.583965145035605815e+01
6.613392355416478097e+01
6.409839361856040796e+01
6.763877319328426552e+01
6.631626234801309749e+01
6.551546471472562416e+01
6.105808206633933111e+01
6.209282878185973686e+01
5.796439007095580820e+01
6.182237878377218010e+01
6.021524363912924116e+01
6.488163912247091503e+01
6.340028392046861683e+01
6.589216404162931440e+01
6.489019813005542403e+01
6.680895609988697004e+01
6.854175091849941737e+01
6.761694444627897838e+01
6.731197804499815618e+01
6.627562481895199653e+01
6.370041275933831315e+01
6.298417428921904104e+01
6.296763602935263293e+01
6.597860201613367792e+01
6.230777908419004518e+01
6.653358115696201480e+01
6.291752266775432645e+01
6.102209928496525038e+01
6.012432835769372730e+01
6.171149569014992409e+01
6.322142571075197992e+01
6.179937280387384391e+01
5.555442751462746998e+01
6.071078360764217052e+01
6.217284950460177839e+01
5.406844056730787429e+01
6.160383030800328896e+01
6.162971704721448418e+01
6.435762899014248717e+01
5.147290340802461373e+01
6.025237007462471439e+01
6.091456669957752723e+01
5.460096261280484953e+01
5.232389862155891080e+01
5.320703306087732898e+01
6.261035974320757447e+01
5.564319363981107358e+01
5.946768851233052544e+01
5.737358731511405807e+01
6.103185916504467201e+01
5.317277812661176739e+01
5.868390365865550251e+01
5.773629408078600278e+01
5.168498868195847251e+01
6.011460893086438517e+01
5.652499235939179556e+01
5.741636400257510786e+01
5.950133984839843038e+01
5.272778538979354579e+01
6.011175910854259286e+01
5.990874496540927652e+01
5.263901582076424290e+01
5.844823821421871202e+01
6.124842669480741364e+01
5.974752586247961261e+01
6.023029086841449242e+01
5.963144167233582493e+01
5.733465074303563114e+01
6.157079291799446708e+01
5.508305230339593805e+01
5.973294737971641410e+01
5.777684987810206962e+01
5.763597109340759772e+01
5.643154090798898181e+01
5.857062455341018392e+01
5.093605963921036306e+01
5.338014812435878298e+01
4.900937208876406714e+01
4.794615764088423049e+01
4.451204946899973436e+01
3.472660347458212016e+01
2.257577669303342560e+01
4.580537112662373289e+00
0.000000000000000000e+00
0.000000000000000000e+00
0.000000000000000000e+00
0.000000000000000000e+00
0.000000000000000000e+00
5.145136910804964714e+00
0.000000000000000000e+00
1.503996273604692391e+01
1.960540046696746685e+01
2.299925898733216911e+01
2.684211833733543884e+01
3.233366424661227256e+01
3.791841453575403875e+01
5.089003488409159104e+01
5.321659455008427386e+01
6.505055300742556312e+01
9.213999153524984820e+01
8.033539731131688200e+01
8.381605096229451135e+01
1.005640996617834446e+02
1.127522703195853921e+02
1.172819461724039911e+02
1.409770324865177145e+02
1.200044694886091321e+02
1.169243141293396206e+02
1.200299111658636804e+02
1.163054290789977472e+02
1.129566860515093509e+02
1.149873346935742120e+02
1.092357900102088450e+02
7.471425755422237103e+01
2.274587261470696831e+01
1.481854058571228094e+01
3.944275907724565400e+01
6.709880078107160273e+01
6.467102677319253701e+01
4.282395774961445767e+01
4.039783608619456601e+01
4.672071715446001150e+01
4.170269194975607263e+01
6.276499320168231577e+01
6.569252192656335865e+01
6.829463505683838775e+01
6.822962060201111001e+01
6.434457430245802811e+01
6.092370583200918333e+01
5.911259313882002431e+01
5.984741175801126900e+01
6.072317678803312191e+01
5.398993541414396446e+01
5.856080563135990502e+01
4.343768129401616562e+01
4.133927959536180197e+01
4.076684138856214901e+01
4.103582871271408550e+01
4.022721592792501610e+01
4.087467797722943175e+01
3.929505443556083577e+01
3.875015208425168822e+01
3.986888342418237841e+01
4.211659437345858947e+01
3.631650635088336543e+01
4.619159548843297358e+01
4.471797242255056659e+01
4.534890856565931472e+01
4.578326860052072789e+01
5.083667157898592137e+01
4.724745648536990217e+01
5.624643093738411892e+01
4.467979812520280802e+01
5.972731707449879224e+01
4.375695275954598884e+01
5.441844146271203897e+01
4.838122448996188751e+01
4.397567139550630344e+01
4.672746461544194574e+01
4.551890812856821356e+01
4.475743894791723676e+01
4.105921190948821220e+01
3.995100281042466150e+01
4.642822091683375163e+01
4.082191160484884307e+01
5.360654360652568329e+01
4.018037211692661970e+01
5.884890159467767745e+01
4.302947996186037471e+01
5.255781710016999853e+01
4.734870865035097154e+01
6.054109019061066022e+01
4.630225972744359098e+01
6.146896631791706511e+01
5.381737082876190215e+01
5.871587467301853280e+01
5.939841955377834637e+01
5.965510067944467920e+01
5.610895003645401857e+01
6.401034581444615412e+01
6.094304121513671646e+01
6.270661418181136071e+01
6.100352471879359939e+01
5.208221598596692559e+01
6.495267891035571495e+01
6.150742629773694148e+01
5.838873546305434559e+01
6.204726277829041692e+01
6.513121972941573290e+01
5.737312577576028616e+01
6.451013787055406112e+01
6.126845827062782490e+01
6.223758335624864202e+01
6.446471285556128805e+01
6.589860384359371892e+01
6.211365178440187407e+01
6.191787450667847992e+01
6.388057140500353626e+01
6.514560550056614829e+01
6.507395892395065573e+01
5.692677399775870839e+01
6.059589737713437074e+01
6.505410647442646166e+01
6.538238602317288439e+01
5.773977849492936798e+01
6.772051037245856264e+01
6.551648103912921783e+01
6.551360416252610719e+01
6.325005437393399177e+01
6.428556418744520329e+01
6.467091875390504185e+01
6.312802295713546386e+01
6.839090471657775083e+01
6.156966866431682206e+01
6.325696384054823795e+01
6.634945054294107081e+01
6.707104556768643988e+01
6.274080710537030114e+01
6.404514931505754305e+01
6.560452505437844195e+01
6.750109457743923258e+01
6.387654696418461953e+01
6.626363398853433750e+01
6.513322769580557292e+01
6.586738223931742198e+01
6.075494094984046711e+01
6.396389227930728083e+01
6.225374883304714757e+01
6.231481317494466765e+01
6.155021803966698712e+01
6.429496077582933822e+01
6.106800376019286603e+01
6.246622134225281542e+01
6.304231554885914335e+01
6.216532748744369741e+01
6.366899484687763078e+01
6.494899129807789961e+01
6.607893808321782103e+01
6.444549827737817793e+01
5.838158747536198234e+01
6.158872107129027285e+01
6.270440630431420459e+01
6.090005293749555193e+01
6.162713191678643909e+01
6.341339362042453587e+01
6.655332045638017746e+01
6.393089732897639976e+01
6.406596015755684448e+01
6.606470033822857602e+01
6.733971235826119539e+01
6.915068762944846981e+01
6.986874457175775888e+01
7.019894127455968658e+01
7.181458091889601292e+01
6.728566724568494806e+01
7.589638547645472499e+01
7.242647944188593101e+01
8.254639018714264864e+01
8.064458767982344511e+01
8.387351416525646641e+01
8.450450779221550590e+01
7.479139459054731276e+01
6.913247726397599990e+01
5.503985348125492294e+01
6.812970792409052478e+01
7.031472642908501314e+01
7.786944421757829105e+01
6.383898663568874099e+01
7.089382598135557600e+01
7.115529840377602966e+01
6.713754589490160640e+01
6.452417479291770519e+01
6.664748085120528742e+01
6.376123000530445495e+01
6.165313034288972460e+01
6.342004365722161907e+01
5.671670981353449292e+01
6.015895998067810524e+01
5.935408421011207025e+01
5.513039447816230165e+01
5.944885508355667980e+01
5.221917827489020425e+01
5.883162749435833661e+01
5.283337343116450313e+01
5.343558806788368543e+01
6.138528425477434780e+01
5.472410326687723625e+01
6.140896695662731730e+01
6.252215364565513767e+01
5.144703191068762038e+01
6.074104602900877836e+01
5.402869530174163515e+01
5.449665271623404550e+01
5.660663163560194278e+01
4.152416231291667259e+01
6.959365722581419789e+01
5.998851390100246306e+01
4.002590354654609683e+01
7.010718896796079491e+01
5.341697610358226456e+01
4.159288169440574023e+01
6.983254872310283190e+01
5.699346443208393254e+01
4.072078063472957155e+01
6.846318628483898294e+01
6.458750054977285515e+01
4.698884667536421489e+01
7.242557126014511937e+01
6.729940508387632292e+01
5.637253610253814173e+01
5.123503527290368709e+01
5.886366500280993819e+01
5.553358091848722466e+01
5.544730010619626626e+01
6.230722101857074335e+01
5.758986703151853703e+01
5.455220107950303543e+01
5.333751236470148172e+01
5.703467596199516265e+01
5.377539498598999046e+01
5.285525710586971826e+01
6.105609535755119310e+01
5.857720859855700724e+01
5.783087798341959029e+01
5.474465944338572143e+01
5.801497500913374239e+01
6.292916488803511754e+01
5.829232505119129826e+01
5.435315174387062598e+01
5.324229158781111693e+01
5.292627309677144609e+01
5.390546624581011770e+01
5.460489924321864663e+01
5.508847498739392279e+01
5.191508850130719566e+01
6.292788906558534023e+01
5.137032349046247504e+01
4.858081267079487731e+01
4.200337860876461349e+01
3.441964891073853750e+01
2.276112341284196461e+01
1.280427189595879689e+01
4.954530409749776432e+00
0.000000000000000000e+00
0.000000000000000000e+00
0.000000000000000000e+00
0.000000000000000000e+00
0.000000000000000000e+00
0.000000000000000000e+00
1.083434625439082311e+01
0.000000000000000000e+00
1.437471274483463191e+01
1.599183098330383501e+01
1.608047709800428748e+01
2.018316064429510348e+01
3.014901456413832648e+01
4.335494115652298319e+01
6.672920358133336549e+01
7.969266375849662154e+01
8.779704468246815452e+01
9.568289309414851118e+01
1.081343623876360880e+02
1.500182827629798794e+02
1.126073806516895388e+02
1.140840331681437050e+02
1.146334339342704993e+02
1.117696160635245946e+02
1.138176937196922580e+02
1.122151291251661718e+02
1.061736514015999404e+02
9.979228769480565120e+01
8.352898651103157590e+01
7.789668004962554448e+01
4.093693758505379776e+01
2.017845804085302319e+01
3.524223202868740401e+01
5.293371926609434297e+01
4.640163565737416462e+01
4.329824188711059207e+01
3.800085038188998965e+01
3.830370102539393429e+01
5.725332977580355731e+01
5.043700181368350144e+01
6.404745009506390829e+01
6.029639869011112552e+01
6.442783729657124070e+01
6.208430503974717851e+01
5.644155273733213818e+01
6.331577294021992941e+01
3.770537952655605096e+01
6.633882063781265970e+01
4.216066106221587262e+01
5.953562169063609844e+01
5.467405776607705548e+01
5.712664189543064452e+01
3.768699282571841991e+01
6.128443790696118754e+01
4.183353318516805786e+01
4.421834901600713152e+01
5.636342027609128991e+01
4.158294095552852099e+01
6.297269031415635254e+01
4.228685499939914649e+01
5.599465519473768893e+01
5.437805217815586190e+01
5.509153537726752603e+01
5.975150860086658611e+01
4.421675183697947631e+01
6.295688397743651876e+01
4.307508017217388385e+01
5.822277680566748614e+01
6.300181870547331187e+01
4.385813371939967453e+01
5.967564287178969096e+01
5.844909263201854799e+01
5.362254297651787738e+01
5.948131367498886846e+01
5.339974802992150416e+01
5.919835040841276452e+01
5.818564741314301614e+01
5.737823870700311346e+01
6.545975228262545897e+01
5.444455362891244476e+01
6.054550666209672016e+01
6.770728397783427965e+01
4.818059044259819501e+01
6.335453625076464590e+01
5.692437034413934072e+01
5.960419670445846663e+01
6.299553778564420270e+01
6.507172620739476088e+01
5.866814633961376302e+01
6.139765805180221037e+01
5.461596840920519469e+01
6.124924225926105947e+01
6.341008085238330949e+01
6.068591994289113956e+01
6.227001047609944351e+01
6.430899573066626829e+01
4.883397959230292429e+01
6.128718216205852798e+01
5.927580169262536458e+01
6.333558961033387646e+01
6.277141774077105651e+01
6.468683250979093202e+01
6.427557076238309719e+01
6.496211118510329641e+01
6.578148073716134547e+01
6.408471454604409701e+01
6.549600794651856006e+01
6.013483194201731408e+01
6.387800550389896159e+01
6.126221229793671341e+01
6.718890481982161589e+01
6.248027590467764725e+01
6.222251629352559377e+01
6.409320042822724872e+01
6.273229498352218769e+01
6.302764168330657668e+01
6.252899983729579247e+01
5.537010786270612073e+01
6.169527575343678905e+01
6.252107076009659892e+01
5.454884965265052443e+01
6.278586708822463436e+01
5.920680592903140393e+01
4.810915830612405841e+01
6.308285045874711727e+01
6.371742541673012994e+01
6.478842374661387282e+01
6.334100330199889584e+01
5.553877151535328238e+01
5.477796531324523244e+01
4.883631434691510265e+01
6.018022008052906102e+01
6.458793160596064808e+01
6.334297100300086925e+01
6.437509701881172930e+01
