8.406396145857195634e+00
1.875564668995141915e+01
2.035936650694202399e+01
2.174237969859663622e+01
2.292324265501155978e+01
2.424549201155703315e+01
2.503223127020359939e+01
2.577397752921815766e+01
2.626034639773737211e+01
2.719050492084015147e+01
2.697080995546860649e+01
2.806844534422737425e+01
2.731301697323535649e+01
2.596979791123263226e+01
2.456783417832937744e+01
2.212614361976712729e+01
1.896521145162139632e+01
1.161921244706183387e+01
8.755375824676853824e+00
7.019299455793582609e+00
6.659022918242234468e+00
6.967801185499182814e+00
8.424132295905618406e+00
1.261128618589579276e+01
2.178147844759402219e+01
2.706466034020070310e+01
3.082984396765790791e+01
3.468637405337401702e+01
3.724646225370292996e+01
3.929801108659050612e+01
4.019204440763271435e+01
3.949794256349007782e+01
3.933067149419763098e+01
3.760597833877909579e+01
3.515044535137832327e+01
3.158387530236548457e+01
2.714575522766573457e+01
1.683144110780322222e+01
1.142205147224803419e+01
7.923526190411335435e+00
5.309538704796592512e+00
3.455008669516138831e+00
2.217206157804167077e+00
1.145521681378459000e+00
3.479805906372401836e-01
0.000000000000000000e+00
0.000000000000000000e+00
0.000000000000000000e+00
0.000000000000000000e+00
0.000000000000000000e+00
0.000000000000000000e+00
0.000000000000000000e+00
0.000000000000000000e+00
0.000000000000000000e+00
0.000000000000000000e+00
0.000000000000000000e+00
0.000000000000000000e+00
0.000000000000000000e+00
0.000000000000000000e+00
0.000000000000000000e+00
0.000000000000000000e+00
0.000000000000000000e+00
0.000000000000000000e+00
0.000000000000000000e+00
0.000000000000000000e+00
0.000000000000000000e+00
0.000000000000000000e+00
0.000000000000000000e+00
0.000000000000000000e+00
0.000000000000000000e+00
0.000000000000000000e+00
0.000000000000000000e+00
5.316202095344593204e-01
1.671541753627885374e+00
2.372849775573436126e+00
3.178369985273293175e+00
4.879634795486432530e+00
6.655960139999326231e+00
8.233352789527977222e+00
1.144845395158664658e+01
1.418006509784066260e+01
1.584583076972443649e+01
1.703090268086064185e+01
1.814046769835373851e+01
1.953018633069138588e+01
2.060669131854410807e+01
2.146683448811774042e+01
2.266805109963980769e+01
2.376584359446252748e+01
2.472154332093765561e+01
2.568313614720678828e+01
2.664882223941533113e+01
2.750171084183412162e+01
2.815533455643064187e+01
2.884816835263987400e+01
2.955751331259921955e+01
2.988931633839949953e+01
2.966200288871159430e+01
3.009144544046849390e+01
3.131484212443044512e+01
3.145472084685786740e+01
3.189066620064692259e+01
3.253334458452812328e+01
3.329906313091608894e+01
3.407615342232806910e+01
3.502927968580404183e+01
3.640986009815873814e+01
3.783683398925779784e+01
3.934068597251869903e+01
4.085780181476204120e+01
4.249259469358077723e+01
4.423530939962807906e+01
4.557562823324320078e+01
4.727490681292134411e+01
4.894694803514954629e+01
4.984195954364265901e+01
5.087951575048900565e+01
5.052703673307272680e+01
4.969421396575285854e+01
4.820873549305983374e+01
4.653794209497756640e+01
4.435431448700816048e+01
4.143188743749906422e+01
3.758159911960204624e+01
3.262602941522479938e+01
2.054523515511490928e+01
1.549063921317733161e+01
1.154980124664794694e+01
8.519717158768667531e+00
5.891072876176776774e+00
3.824278703833678961e+00
2.012440522328862613e+00
5.258700892136296545e-01
0.000000000000000000e+00
0.000000000000000000e+00
0.000000000000000000e+00
0.000000000000000000e+00
0.000000000000000000e+00
0.000000000000000000e+00
0.000000000000000000e+00
0.000000000000000000e+00
0.000000000000000000e+00
0.000000000000000000e+00
0.000000000000000000e+00
0.000000000000000000e+00
0.000000000000000000e+00
0.000000000000000000e+00
0.000000000000000000e+00
0.000000000000000000e+00
0.000000000000000000e+00
0.000000000000000000e+00
0.000000000000000000e+00
0.000000000000000000e+00
0.000000000000000000e+00
0.000000000000000000e+00
0.000000000000000000e+00
0.000000000000000000e+00
6.239054334038653948e-01
1.315740265095014294e+00
2.432302472281519634e+00
3.571682035511466680e+00
5.108790493106224240e+00
7.010806455484573263e+00
1.178393013533268174e+01
1.408569678812800952e+01
1.613238057060989306e+01
1.767934997056018886e+01
1.904102388784732014e+01
2.027268243547550597e+01
2.152946416026831855e+01
2.246845316257080327e+01
2.341701657491910638e+01
2.387200765290690185e+01
2.420728837529483002e+01
2.520796872410537404e+01
2.561433106225614154e+01
2.494209622253467273e+01
2.370227917934060002e+01
2.190103280986042833e+01
1.929320324669931708e+01
1.418275378597458669e+01
9.983926846450724923e+00
8.185118495424495322e+00
7.618316490881777092e+00
9.203510983163932124e+00
1.145829357672382542e+01
1.739664976320787559e+01
2.407073470627375400e+01
2.844961513056114555e+01
3.230001839703390232e+01
3.535849170924483786e+01
3.784895925521104232e+01
3.953998253754635073e+01
4.050231184785279481e+01
4.016831631289130655e+01
3.899544912427398202e+01
3.783541027114493005e+01
3.524131662283149069e+01
3.215790553985728906e+01
2.784559567120832924e+01
1.904879986311072315e+01
1.215031972459867227e+01
8.712557203908719572e+00
5.989069998502326797e+00
2.945411451457103702e+00
5.989094202651408239e-01
0.000000000000000000e+00
0.000000000000000000e+00
0.000000000000000000e+00
0.000000000000000000e+00
0.000000000000000000e+00
0.000000000000000000e+00
0.000000000000000000e+00
0.000000000000000000e+00
0.000000000000000000e+00
0.000000000000000000e+00
0.000000000000000000e+00
0.000000000000000000e+00
0.000000000000000000e+00
0.000000000000000000e+00
0.000000000000000000e+00
0.000000000000000000e+00
0.000000000000000000e+00
0.000000000000000000e+00
0.000000000000000000e+00
0.000000000000000000e+00
0.000000000000000000e+00
0.000000000000000000e+00
0.000000000000000000e+00
0.000000000000000000e+00
0.000000000000000000e+00
0.000000000000000000e+00
0.000000000000000000e+00
0.000000000000000000e+00
0.000000000000000000e+00
3.368649492119741851e-01
9.371623666498671845e-01
1.766369849950938598e+00
2.552913452395539462e+00
3.919320350972688161e+00
5.170605194050429176e+00
6.447519019136132457e+00
8.655528341249899782e+00
1.269448815960614496e+01
1.450147928546540754e+01
1.592141842772216265e+01
1.713903789205481587e+01
1.841621445599252027e+01
1.943456411456288535e+01
2.044725112240044496e+01
2.165415919858770977e+01
2.281771446313279839e+01
2.385668461916239025e+01
2.481479227413556288e+01
2.564992315730253836e+01
2.640746594057257823e+01
2.775785684600165126e+01
2.837596127330948548e+01
2.916994025757805531e+01
2.964189068611047162e+01
2.991789678556134646e+01
3.058782750243648962e+01
3.094362058630448686e+01
3.121843893257483771e+01
3.185646125068568324e+01
3.247702623385055887e+01
3.340835067832263405e+01
3.438935651123823334e+01
3.556802854620440968e+01
3.699119233543592600e+01
3.831394694489864605e+01
3.971823694069272648e+01
4.125147072387461833e+01
4.282000490407847337e+01
4.458310036307794633e+01
4.644151024186130172e+01
4.692236803751906393e+01
4.760998255292028603e+01
4.770416983415955059e+01
4.749775714575924468e+01
4.684146454818708349e+01
4.603055423492241971e+01
4.546521496327422085e+01
4.328573284702973467e+01
4.137725313693422891e+01
3.803777785422195024e+01
3.396079994584835759e+01
2.814529389781174373e+01
1.744368135775767215e+01
1.300010275508908641e+01
9.685919311336299131e+00
7.008147530073813414e+00
4.875252775692652918e+00
3.086414112519598518e+00
1.773315256874186119e+00
5.013763561366619825e-01
0.000000000000000000e+00
0.000000000000000000e+00
0.000000000000000000e+00
0.000000000000000000e+00
0.000000000000000000e+00
0.000000000000000000e+00
0.000000000000000000e+00
0.000000000000000000e+00
0.000000000000000000e+00
0.000000000000000000e+00
0.000000000000000000e+00
0.000000000000000000e+00
0.000000000000000000e+00
0.000000000000000000e+00
0.000000000000000000e+00
0.000000000000000000e+00
0.000000000000000000e+00
2.466814685168330357e-01
4.504158793593164845e-01
1.941400315393035925e-01
0.000000000000000000e+00
0.000000000000000000e+00
0.000000000000000000e+00
0.000000000000000000e+00
2.793936866530510876e-01
9.133476825131063848e-01
1.789138130910739477e+00
3.150442186515447496e+00
4.966069686629764668e+00
8.207051214866789124e+00
1.384749370649451627e+01
1.633878470200708932e+01
1.830485660981966234e+01
2.011570864527732283e+01
2.165659747784125955e+01
2.269982175078345321e+01
2.357598176821625202e+01
2.420357397721735637e+01
2.484576206927315667e+01
2.476958561621565025e+01
2.484076821207307972e+01
2.450518439780344693e+01
2.431221117710715873e+01
2.305528793593195758e+01
2.185893916920833746e+01
1.967555116554577310e+01
1.685090659875978858e+01
1.108770645808556843e+01
8.964257353564796915e+00
8.173526988781366853e+00
8.521926900212127620e+00
1.042025512556205413e+01
1.798308882700188605e+01
2.242781280514303432e+01
2.611064184516534681e+01
2.949305584409614767e+01
3.237797815476515950e+01
3.538267638065097032e+01
3.692665299909886301e+01
3.793451593369199060e+01
3.796802565902083870e+01
3.723719964275884564e+01
3.581583289006327675e+01
3.346176116730116235e+01
3.027814794129307430e+01
2.620524270793119115e+01
1.744388865546547862e+01
1.160819207776901152e+01
8.313299397363458354e+00
5.901868245733480123e+00
4.274602553655186377e+00
3.040823614647757189e+00
1.514434162914690241e+00
6.069540755095488294e-01
0.000000000000000000e+00
0.000000000000000000e+00
0.000000000000000000e+00
0.000000000000000000e+00
0.000000000000000000e+00
0.000000000000000000e+00
0.000000000000000000e+00
0.000000000000000000e+00
0.000000000000000000e+00
0.000000000000000000e+00
0.000000000000000000e+00
0.000000000000000000e+00
0.000000000000000000e+00
0.000000000000000000e+00
0.000000000000000000e+00
0.000000000000000000e+00
0.000000000000000000e+00
0.000000000000000000e+00
0.000000000000000000e+00
0.000000000000000000e+00
0.000000000000000000e+00
0.000000000000000000e+00
0.000000000000000000e+00
0.000000000000000000e+00
0.000000000000000000e+00
0.000000000000000000e+00
4.351696690677098189e-02
1.018828695409786267e+00
1.695586513599228073e+00
2.402985115483014855e+00
3.480646783071451367e+00
4.855109316184361035e+00
6.303498921474803396e+00
7.985881109817807300e+00
1.168056337734009809e+01
1.432264882559151431e+01
1.586164004503253011e+01
1.732412585325888443e+01
1.853379583833917721e+01
1.976040548521431361e+01
2.121798570013581298e+01
2.230800434877418326e+01
2.336236707881424834e+01
2.419120762635231259e+01
2.485725907927399092e+01
2.608241600040443942e+01
2.709102537750616335e+01
2.795441679633731979e+01
2.859644242736398922e+01
2.954880320164923191e+01
3.031726790531597260e+01
3.024789418876842362e+01
3.047042169937426337e+01
3.046469636263733349e+01
3.078951857321517593e+01
3.064801174416181340e+01
3.108063663263023102e+01
3.171756995839620430e+01
3.241723031236837471e+01
3.342513978817193276e+01
3.458683656692984698e+01
3.579786867703760578e+01
3.742991901501635255e+01
3.917966998407079871e+01
4.121520464625675828e+01
4.374099958350536355e+01
4.550578324575403144e+01
4.656548381259802483e+01
4.763881595090658294e+01
4.773984534049073858e+01
4.854336191351156060e+01
4.874397431531923530e+01
4.813778734784160918e+01
4.685128935876589651e+01
4.509217261347788508e+01
4.268975483427652762e+01
4.188603685273152166e+01
3.924752235879867612e+01
3.414844463562242538e+01
2.297706087847705803e+01
1.819053761918491929e+01
1.506909018868043404e+01
1.216564837550613376e+01
9.899206593985486080e+00
7.936620439549074035e+00
5.770631004475092141e+00
4.382955102773481215e+00
3.216444932976701310e+00
2.106240192083975060e+00
1.271892732144957350e+00
3.107537338139572114e-01
0.000000000000000000e+00
0.000000000000000000e+00
0.000000000000000000e+00
0.000000000000000000e+00
0.000000000000000000e+00
0.000000000000000000e+00
0.000000000000000000e+00
0.000000000000000000e+00
0.000000000000000000e+00
0.000000000000000000e+00
0.000000000000000000e+00
0.000000000000000000e+00
3.325607560556331777e-01
7.721536508126733978e-01
1.139106716111327522e+00
3.651319025883617009e-01
5.040456183861579120e-01
1.059984929774898443e+00
1.482972879943020850e+00
1.799417518376092096e+00
2.412526236671165059e+00
2.934720269442634866e+00
3.785152128663898274e+00
4.870147003348332504e+00
6.209554478650431086e+00
8.081941403244004007e+00
1.226997247148042902e+01
1.432658524931483868e+01
1.587923584214794914e+01
1.717914834902325438e+01
1.843005267870606545e+01
1.936243721819974795e+01
2.000830432053084351e+01
2.102627863427115429e+01
2.185673934706525401e+01
2.268313400106521982e+01
2.347313967841596849e+01
2.385204708351752245e+01
2.397403888650379855e+01
2.436560529133117114e+01
2.409426291925277752e+01
2.374766186102727872e+01
2.294356500854314618e+01
2.152290029507993196e+01
1.973284413146090799e+01
1.674283646165685724e+01
1.033676684573606686e+01
8.422515593112912313e+00
7.171114848738657344e+00
6.378618405363769561e+00
6.303825755537686426e+00
6.612516214846964502e+00
7.855677581881444382e+00
1.037154510016199893e+01
1.817767885272903783e+01
2.330734161252588521e+01
2.724663156681506848e+01
3.046471719865328254e+01
3.321636851076108599e+01
3.525262716165420329e+01
3.660789844302259866e+01
3.720896349801211755e+01
3.709723261633972413e+01
3.633249924734838032e+01
3.481284514626961624e+01
3.249282281406701145e+01
2.955814341559239011e+01
2.514414144873094514e+01
1.773582331384184130e+01
9.936685011452276228e+00
6.058734034796091628e+00
4.250745868202290723e+00
2.392847205041632286e+00
1.018204213538389524e+00
5.571421929782349736e-02
0.000000000000000000e+00
0.000000000000000000e+00
0.000000000000000000e+00
0.000000000000000000e+00
3.473731159601891605e-01
5.805792319013240999e-01
4.747350004351380548e-01
4.471316948273447167e-01
6.806492193012756431e-01
1.067064266151445118e+00
1.254467442432493307e+00
1.906388771824973460e+00
2.168135440179779216e+00
2.334012747104587504e+00
2.496063574034426580e+00
2.622296795091102695e+00
2.570933443767723148e+00
2.898987808760056240e+00
3.124128375382326794e+00
3.356083643455421317e+00
3.665715749220575859e+00
3.863563685559523009e+00
3.409579379994839066e+00
3.694771198841925397e+00
3.303024288484392557e+00
3.421470017911122152e+00
4.042830894351046034e+00
4.722792044615296447e+00
5.564902172311517070e+00
6.086693694470753258e+00
7.242636458533359800e+00
9.694327372977792123e+00
1.328477589828806060e+01
1.541373535590829746e+01
1.703462810593506660e+01
1.850421517877596145e+01
1.978548809394059660e+01
2.055802083421139415e+01
2.146730350488805783e+01
2.233446944139362245e+01
2.324239523005765307e+01
2.401502544831611630e+01
2.464609949302556657e+01
2.518182145390149884e+01
2.570715321275336862e+01
2.615010908852270433e+01
2.648663005249070324e+01
2.674039505022110319e+01
2.682587296396254928e+01
2.705666482903745518e+01
2.713692243272268456e+01
2.664289887650106436e+01
2.678023197476088413e+01
2.687681868185520884e+01
2.731854778093011049e+01
2.807806283576925210e+01
2.901439498284769059e+01
3.000532980623630763e+01
3.125146311516806108e+01
3.269724833132818276e+01
3.410601197673108231e+01
3.574025301178632930e+01
3.757849508186793486e+01
3.959322780335931213e+01
4.150132382150547983e+01
4.318689456447985009e+01
4.509089642396806852e+01
4.792362376742673291e+01
4.951666000968401704e+01
5.026748582981416291e+01
5.125986166182616444e+01
5.074680912000232524e+01
4.953343716062450142e+01
4.737585973842529796e+01
4.443624592041514632e+01
4.198685423820511176e+01
3.657601347418956550e+01
2.355214513386397357e+01
1.766789096533446468e+01
1.345710454575385384e+01
1.023387057616263895e+01
7.835811768844692438e+00
5.915390235958396303e+00
4.553571855023212933e+00
3.364137995758266442e+00
2.633710579680665020e+00
2.107926353732711533e+00
1.529057373587034974e+00
6.633690833062697578e-01
1.645002346458994680e-01
0.000000000000000000e+00
0.000000000000000000e+00
0.000000000000000000e+00
0.000000000000000000e+00
0.000000000000000000e+00
0.000000000000000000e+00
0.000000000000000000e+00
0.000000000000000000e+00
0.000000000000000000e+00
0.000000000000000000e+00
0.000000000000000000e+00
0.000000000000000000e+00
0.000000000000000000e+00
0.000000000000000000e+00
0.000000000000000000e+00
8.107861583165414388e-01
2.078264715998110468e+00
2.230021929273888759e+00
2.721032573214163364e+00
3.282732585111051815e+00
4.236795044879526628e+00
5.180020281281812800e+00
5.835425896347190999e+00
6.978769350964261875e+00
8.737567181593538734e+00
1.230513377957762700e+01
1.416766843118479358e+01
1.576653378264409611e+01
1.738115319870455977e+01
1.902606575872550465e+01
2.062984081908731326e+01
2.206018701917421510e+01
2.335004820266751580e+01
2.434456759966254324e+01
2.515830327098061048e+01
2.552612686330896707e+01
2.495475454464233067e+01
2.453931765492032113e+01
2.417692000882439274e+01
2.373072153300502762e+01
2.333453477374160556e+01
2.125797541338281960e+01
1.874777163841011074e+01
1.416755394851791294e+01
1.064891304703023422e+01
9.909028658749557295e+00
1.088048980929519338e+01
1.645772440328556740e+01
2.125176350783468138e+01
2.522961916355037815e+01
2.907752440031999441e+01
3.291615878796859818e+01
3.602780843048522286e+01
3.842256417657107193e+01
4.021611157736625586e+01
4.130350463466785271e+01
4.106621183114822315e+01
4.014493092444953959e+01
3.798958161658210742e+01
3.454351331727706054e+01
2.968231510621299662e+01
2.426802559646602830e+01
1.288571033566623214e+01
7.988455841279694880e+00
4.755342745547303629e+00
2.502382754104340634e+00
8.053188696930613233e-01
0.000000000000000000e+00
0.000000000000000000e+00
0.000000000000000000e+00
0.000000000000000000e+00
0.000000000000000000e+00
0.000000000000000000e+00
0.000000000000000000e+00
0.000000000000000000e+00
0.000000000000000000e+00
0.000000000000000000e+00
0.000000000000000000e+00
0.000000000000000000e+00
0.000000000000000000e+00
0.000000000000000000e+00
0.000000000000000000e+00
0.000000000000000000e+00
0.000000000000000000e+00
0.000000000000000000e+00
0.000000000000000000e+00
0.000000000000000000e+00
0.000000000000000000e+00
0.000000000000000000e+00
0.000000000000000000e+00
0.000000000000000000e+00
0.000000000000000000e+00
0.000000000000000000e+00
0.000000000000000000e+00
0.000000000000000000e+00
0.000000000000000000e+00
1.298165579685272020e+00
2.920967840014003336e+00
3.848913809695852617e+00
5.395812833794634500e+00
7.437617026404227616e+00
8.593821894959219776e+00
1.077405074818195629e+01
1.381620167988631209e+01
1.550191670340929484e+01
1.695467524924657354e+01
1.834022014329072903e+01
1.979795928012621431e+01
2.117209455470676005e+01
2.237641711884651841e+01
2.347859338960449094e+01
2.463455208136718610e+01
2.576550101413146976e+01
2.669963173372951815e+01
2.758936067899668387e+01
2.826734957846545271e+01
2.865009938285855640e+01
2.887813984930864208e+01
2.929823191340784305e+01
2.949093766934261041e+01
2.924110813294423394e+01
2.916055814648190037e+01
2.925595604911095293e+01
2.918730454472754232e+01
2.928010306460345191e+01
2.950687448094433663e+01
2.979290054522504860e+01
3.019166814522218090e+01
3.097140480450348576e+01
3.175350898718981085e+01
3.309353781741071998e+01
3.439110508543921441e+01
3.576124987739855499e+01
3.723364937716890211e+01
3.884410758769731586e+01
4.086035535664468199e+01
4.249393044219038984e+01
4.378141477902269685e+01
4.469035705175905804e+01
4.506236521735149836e+01
4.486863701200697818e+01
4.504661825830624622e+01
4.442296353220697114e+01
4.363753861669911771e+01
4.192177955604221751e+01
3.954252957788768441e+01
3.673930580933222245e+01
3.355075950922097405e+01
2.810650251646310238e+01
1.691081717625784009e+01
1.200832958617940527e+01
8.516571976696893032e+00
5.784120567957943493e+00
3.862660940436836832e+00
2.292842171014037866e+00
5.649847572119366390e-01
0.000000000000000000e+00
0.000000000000000000e+00
0.000000000000000000e+00
0.000000000000000000e+00
0.000000000000000000e+00
0.000000000000000000e+00
0.000000000000000000e+00
0.000000000000000000e+00
0.000000000000000000e+00
0.000000000000000000e+00
0.000000000000000000e+00
0.000000000000000000e+00
0.000000000000000000e+00
0.000000000000000000e+00
0.000000000000000000e+00
0.000000000000000000e+00
0.000000000000000000e+00
0.000000000000000000e+00
0.000000000000000000e+00
0.000000000000000000e+00
7.320683685830164933e-02
5.425277862388657724e-01
8.729717689145610748e-01
1.315126058535911469e+00
1.794923233216449976e+00
2.299608859367209046e+00
2.553258562406792276e+00
2.962780396971132824e+00
3.805671928850358654e+00
4.882480981790049412e+00
6.108162562263760975e+00
7.100142634392460295e+00
8.637398641035451519e+00
1.198272063294534995e+01
1.386678961169369018e+01
1.506522818494033622e+01
1.615421361862645000e+01
1.712807793708277160e+01
1.802262794757060860e+01
1.888519864394406866e+01
1.958311128202387863e+01
2.016745398457511129e+01
2.043293871623921021e+01
2.069112313877056053e+01
2.051076858780335144e+01
2.018045598906244464e+01
2.008494410100085403e+01
1.921028658368724251e+01
1.763127816492965394e+01
1.563982667726096309e+01
1.067308938083090908e+01
8.874173254832593116e+00
7.646202529691656480e+00
6.753071366773581552e+00
6.758784444966556393e+00
7.513297840678294648e+00
9.767451459029707905e+00
1.720582117498940278e+01
2.368151690602347870e+01
2.823952784109877001e+01
3.256590107661786249e+01
3.647077920619677371e+01
3.990624263326462540e+01
4.224421305624122880e+01
4.388098238691679853e+01
4.453501789655259557e+01
4.390800032043734547e+01
4.261231020989264806e+01
4.025762645543093754e+01
3.696949052365744137e+01
3.240561964797198868e+01
2.606509068996938083e+01
1.336105129795629054e+01
8.192898538083543514e+00
4.439565697832891900e+00
1.822182419344563264e+00
0.000000000000000000e+00
0.000000000000000000e+00
0.000000000000000000e+00
0.000000000000000000e+00
0.000000000000000000e+00
0.000000000000000000e+00
0.000000000000000000e+00
0.000000000000000000e+00
0.000000000000000000e+00
0.000000000000000000e+00
0.000000000000000000e+00
0.000000000000000000e+00
0.000000000000000000e+00
0.000000000000000000e+00
0.000000000000000000e+00
0.000000000000000000e+00
0.000000000000000000e+00
0.000000000000000000e+00
0.000000000000000000e+00
0.000000000000000000e+00
0.000000000000000000e+00
0.000000000000000000e+00
0.000000000000000000e+00
0.000000000000000000e+00
0.000000000000000000e+00
0.000000000000000000e+00
0.000000000000000000e+00
1.600778465356160751e-01
8.302393530659668563e-01
1.887537199072081062e+00
3.337964565632605130e+00
3.822892678882220174e+00
4.336207258674674492e+00
5.074204449960648233e+00
5.732871565200967190e+00
6.492565623116284712e+00
7.546769241487937485e+00
8.814468197909972602e+00
1.075321486098696333e+01
1.441340474668126426e+01
1.617323745563700044e+01
1.757630700926301159e+01
1.880826610910386876e+01
1.981051582359907925e+01
2.079026301480155325e+01
2.188434173031460972e+01
2.338024447588282229e+01
2.428344253968275623e+01
2.499693436248560374e+01
2.567988369291083472e+01
2.581467807940170189e+01
2.625909124457396970e+01
2.687263804903330566e+01
2.721277228262591308e+01
2.762095515612865171e+01
2.786871623342430127e+01
2.817952011607854246e+01
2.828686252915579757e+01
2.873852314285443299e+01
2.930201729939549438e+01
3.019660946416625791e+01
3.109028857533611045e+01
3.240684705836551416e+01
3.391101756236883347e+01
3.558088638470781717e+01
3.724747078641082254e+01
3.865614826728390341e+01
4.026465993124017473e+01
4.216589364551782637e+01
4.405747482311404895e+01
4.509092577797970591e+01
4.597189311889864882e+01
4.638002687279696801e+01
4.642251408119270906e+01
4.582282207840354005e+01
4.476629828335350680e+01
4.357099255321849540e+01
4.202577143558403350e+01
3.958582667030430002e+01
3.768708454643377337e+01
3.400292388538790078e+01
2.927898489102121715e+01
1.862949495119294951e+01
1.383503374031809763e+01
1.044848653282468831e+01
7.974431943496759878e+00
5.779344741383602546e+00
4.466483391653198076e+00
3.051366715535680285e+00
1.854222498192298119e+00
6.197595628268546264e-01
0.000000000000000000e+00
0.000000000000000000e+00
0.000000000000000000e+00
0.000000000000000000e+00
0.000000000000000000e+00
0.000000000000000000e+00
0.000000000000000000e+00
0.000000000000000000e+00
0.000000000000000000e+00
0.000000000000000000e+00
0.000000000000000000e+00
0.000000000000000000e+00
0.000000000000000000e+00
0.000000000000000000e+00
0.000000000000000000e+00
0.000000000000000000e+00
0.000000000000000000e+00
0.000000000000000000e+00
0.000000000000000000e+00
0.000000000000000000e+00
0.000000000000000000e+00
1.181615096722361535e-01
2.279513472604179913e-01
6.646475169069476774e-01
1.338443632080791978e+00
2.101777608903162786e+00
3.164564856875809351e+00
4.257803720637631351e+00
5.586201045515876373e+00
7.245958546199771533e+00
1.112290244457362220e+01
1.323276690313148940e+01
1.448666700732678336e+01
1.546408314072774637e+01
1.599999814744130688e+01
1.656742312701818420e+01
1.703673646298454614e+01
1.753402498229670670e+01
1.769224646172727233e+01
1.774786662880245913e+01
1.771534305883864846e+01
1.769196008774553519e+01
1.769109617572710391e+01
1.721059058443043099e+01
1.650623673511001144e+01
1.507729502533853605e+01
1.336405984859694307e+01
9.652782591760876940e+00
8.377619997943480001e+00
7.730942720938566382e+00
8.142869145669255460e+00
9.670804368609875468e+00
1.548906550846802155e+01
2.060751173395340530e+01
2.566084035481043557e+01
2.981041876140129432e+01
3.301586830468688305e+01
3.622156058233844078e+01
3.857231683483082207e+01
4.041403717057979605e+01
4.188116679241378648e+01
4.263289990832657850e+01
4.204977154793326122e+01
4.088489446703521679e+01
3.894562784838829117e+01
3.625729449927962378e+01
3.314539300023338342e+01
2.904897514674138037e+01
2.287196394483884632e+01
1.569254880673292440e+01
1.274917360028939228e+01
1.043189052176263232e+01
8.835108304261321877e+00
7.079065184165042268e+00
5.465368630585487608e+00
3.526385798282424489e+00
2.736891410940835101e+00
1.734561853902879314e+00
1.161736984339380108e+00
7.413086859764934644e-01
0.000000000000000000e+00
0.000000000000000000e+00
0.000000000000000000e+00
0.000000000000000000e+00
0.000000000000000000e+00
0.000000000000000000e+00
0.000000000000000000e+00
0.000000000000000000e+00
0.000000000000000000e+00
0.000000000000000000e+00
0.000000000000000000e+00
0.000000000000000000e+00
0.000000000000000000e+00
0.000000000000000000e+00
0.000000000000000000e+00
0.000000000000000000e+00
1.574487166316473896e-01
9.603754153556316453e-01
1.391047803236692637e+00
1.724134077416330513e+00
1.964020836884362353e+00
2.176424526525158498e+00
2.436353818389966008e+00
2.718748041655378422e+00
2.946997272185588379e+00
3.228147348613680023e+00
3.368212916083438202e+00
3.624637037544121476e+00
3.868488314182687127e+00
4.362046642242408012e+00
4.821226079126165409e+00
5.627070068503712719e+00
6.465077401106818833e+00
7.413376854674546657e+00
8.473565098364854720e+00
9.977046875997389819e+00
1.320070117603104798e+01
1.517216941008785724e+01
1.676893644149120632e+01
1.829348412569546412e+01
1.928636635697058210e+01
2.017312525655064448e+01
2.118684773742235095e+01
2.220185972571435684e+01
2.323076306392440671e+01
2.388266089753208021e+01
2.461097996707275826e+01
2.526498096444144181e+01
2.586433172117252255e+01
2.644010703425250242e+01
2.706584039909522588e+01
2.754052013876843574e+01
2.822174324594023886e+01
2.896685545658324301e+01
2.998284312243298189e+01
3.143286212215819475e+01
3.305342299977142062e+01
3.449524767554955673e+01
3.634317464655634922e+01
3.795329804547282038e+01
4.017232044882805297e+01
4.281350326194941402e+01
4.485400200672544457e+01
4.635378401635045975e+01
4.725625795358352832e+01
4.812488995905435729e+01
4.815800690779659021e+01
4.773025733323414244e+01
4.683494228204068577e+01
4.499014130407277179e+01
4.299985773606805139e+01
4.050634882811186088e+01
3.771085375857936128e+01
3.380669864969697613e+01
2.874769131210872075e+01
1.727903393613508953e+01
1.258507361789814638e+01
9.039458700975762540e+00
6.633501888651730738e+00
4.421482809352778709e+00
2.672157000226872192e+00
9.658071732990061165e-01
0.000000000000000000e+00
0.000000000000000000e+00
0.000000000000000000e+00
0.000000000000000000e+00
0.000000000000000000e+00
0.000000000000000000e+00
0.000000000000000000e+00
0.000000000000000000e+00
0.000000000000000000e+00
0.000000000000000000e+00
0.000000000000000000e+00
0.000000000000000000e+00
0.000000000000000000e+00
0.000000000000000000e+00
0.000000000000000000e+00
0.000000000000000000e+00
0.000000000000000000e+00
0.000000000000000000e+00
4.248099032480858739e-01
1.284695559350631733e+00
1.857102440488876738e+00
2.348955177451924392e+00
6.153028041993633401e-01
1.316845147586656939e+00
1.786008722814828698e+00
2.361497979551192561e+00
3.250917126443340077e+00
4.334593028758479960e+00
6.131837300150072778e+00
1.058703725654983074e+01
1.417761888903266154e+01
1.712197552826592073e+01
1.946516353229442586e+01
2.134164402759327217e+01
2.285467599706142749e+01
2.410412229013062912e+01
2.505049762798123680e+01
2.591958694902138660e+01
2.595051622569248195e+01
2.556553388556224959e+01
2.473616752411540531e+01
2.353794390855596674e+01
2.225547713064671740e+01
2.073055721153219366e+01
1.802970700549752081e+01
1.230589009442325121e+01
1.048674503775783862e+01
1.036128521197213459e+01
1.234164605270074766e+01
1.924544498122288516e+01
2.328849204082356295e+01
2.663164889153709325e+01
2.964052745063308336e+01
3.262469656174305754e+01
3.495837263221057611e+01
3.685367911144970066e+01
3.790142264963963470e+01
3.844895819367929590e+01
3.754189393719354939e+01
3.585678189930770543e+01
3.362131474512593599e+01
3.066569442959671932e+01
2.684732453790026696e+01
1.782854909615773664e+01
1.188814879237224176e+01
8.580296724414601783e+00
6.227771459555109246e+00
4.221290061300882357e+00
2.469520064954850547e+00
9.099938304537991129e-01
0.000000000000000000e+00
0.000000000000000000e+00
0.000000000000000000e+00
0.000000000000000000e+00
0.000000000000000000e+00
0.000000000000000000e+00
0.000000000000000000e+00
0.000000000000000000e+00
0.000000000000000000e+00
0.000000000000000000e+00
0.000000000000000000e+00
0.000000000000000000e+00
0.000000000000000000e+00
0.000000000000000000e+00
0.000000000000000000e+00
0.000000000000000000e+00
0.000000000000000000e+00
0.000000000000000000e+00
0.000000000000000000e+00
0.000000000000000000e+00
0.000000000000000000e+00
0.000000000000000000e+00
0.000000000000000000e+00
0.000000000000000000e+00
0.000000000000000000e+00
4.868578063997892613e-01
1.489373585099729169e+00
2.104433006314136989e+00
2.960957876972486247e+00
3.834840205934577639e+00
4.808492803108608271e+00
5.880418511815501681e+00
7.516236343749548077e+00
1.124577062865904864e+01
1.403545811816398370e+01
1.594056227628336408e+01
1.743988626807957232e+01
1.903291049858466266e+01
2.028315730577953957e+01
2.194688470525030866e+01
2.319746863279663529e+01
2.436546179385447175e+01
2.529336548379941263e+01
2.661697443285749642e+01
2.817892579018414878e+01
2.891999198028321416e+01
2.983448790031734532e+01
3.072572418714510434e+01
3.160569054816735957e+01
3.259621006386053921e+01
3.366715212029184556e+01
3.463983829784002921e+01
3.523627186006498846e+01
3.613647715650103009e+01
3.677348651544556901e+01
3.766885660960932825e+01
3.862430472371701029e+01
3.952783147321233059e+01
4.037680756433015006e+01
4.088792758793723436e+01
4.191644014180692324e+01
4.283906718295729377e+01
4.385637497110963068e+01
4.476775828469740048e+01
4.473001161453019137e+01
4.629033830654182680e+01
4.751962171377925159e+01
4.843271417869613771e+01
4.877422715185591073e+01
4.874330916306840322e+01
4.851876905206216151e+01
4.769956472792490842e+01
4.664031839742276020e+01
4.473348113724630792e+01
4.218540262936983964e+01
3.894585066281563002e+01
3.473740663864396794e+01
2.761297437198259175e+01
1.771896805343773451e+01
1.310796156787498390e+01
9.829704443417650594e+00
7.088578032590464595e+00
5.023205603680538367e+00
3.086058698535866895e+00
2.059734438059223294e+00
4.752132504282879921e-01
0.000000000000000000e+00
0.000000000000000000e+00
0.000000000000000000e+00
0.000000000000000000e+00
0.000000000000000000e+00
0.000000000000000000e+00
0.000000000000000000e+00
0.000000000000000000e+00
0.000000000000000000e+00
0.000000000000000000e+00
0.000000000000000000e+00
0.000000000000000000e+00
0.000000000000000000e+00
0.000000000000000000e+00
0.000000000000000000e+00
0.000000000000000000e+00
1.266378974158115511e-01
1.452949802426813264e+00
2.306125183633649378e+00
2.896149735896431210e+00
1.658017990958148502e+00
2.697788016400955335e+00
3.475861210136026003e+00
4.242006287873645753e+00
4.447374272074060109e+00
5.261461681035972227e+00
6.151225795528316276e+00
6.862736675203021441e+00
9.468837396162356868e+00
1.263877411744091361e+01
1.423737679963181257e+01
1.544124921786533200e+01
1.683317553292409130e+01
1.820892164453038120e+01
1.946495715662788939e+01
2.049317135952689384e+01
2.145925917366103164e+01
2.223984756145906516e+01
2.285978866340841265e+01
2.349860191010952803e+01
2.401349335690283837e+01
2.448605152116314088e+01
2.388861301279254334e+01
2.307829109550399949e+01
2.207397405620027797e+01
2.017901269705133771e+01
1.789866223103038578e+01
1.155653977293022194e+01
7.902541164272322227e+00
5.492423553394068847e+00
3.924686954347474721e+00
2.999666135309488446e+00
2.834462818646321214e+00
3.694904706132244421e+00
5.665424607916565769e+00
1.110190017881221536e+01
2.125632470722108280e+01
2.658598468415527094e+01
3.090527828794963838e+01
3.465150590282091514e+01
3.778730564836608607e+01
3.970462750040995559e+01
4.116475930023099750e+01
4.188798465761507828e+01
4.182143823882048395e+01
4.054486572983459070e+01
3.820964108172948670e+01
3.493470503833421503e+01
3.088840063991159468e+01
2.466783092009591272e+01
1.321111806440651648e+01
8.470863201596463554e+00
5.405352831148984905e+00
3.161595935858183992e+00
1.507698155272386487e+00
1.957932127737507244e-01
0.000000000000000000e+00
0.000000000000000000e+00
0.000000000000000000e+00
0.000000000000000000e+00
0.000000000000000000e+00
0.000000000000000000e+00
0.000000000000000000e+00
0.000000000000000000e+00
0.000000000000000000e+00
0.000000000000000000e+00
0.000000000000000000e+00
0.000000000000000000e+00
0.000000000000000000e+00
0.000000000000000000e+00
0.000000000000000000e+00
0.000000000000000000e+00
0.000000000000000000e+00
0.000000000000000000e+00
0.000000000000000000e+00
0.000000000000000000e+00
0.000000000000000000e+00
0.000000000000000000e+00
0.000000000000000000e+00
0.000000000000000000e+00
0.000000000000000000e+00
0.000000000000000000e+00
0.000000000000000000e+00
8.474126429139094974e-02
8.682613445335483071e-01
1.862043558012729250e+00
3.219356889167988012e+00
4.280859130653386302e+00
5.502253580888119444e+00
7.487628755832917093e+00
1.221491166248146598e+01
1.510105672791049258e+01
1.677183071273380222e+01
1.825962504003319609e+01
1.950611756212114400e+01
2.104202263311379539e+01
2.219917842935425867e+01
2.358116479790830411e+01
2.461895622284243146e+01
2.638829425120801631e+01
2.829984016758307774e+01
2.913532685648775100e+01
2.994361191891077567e+01
3.076326850370479349e+01
3.150111490518450097e+01
3.200675257336627766e+01
3.223223651107164045e+01
3.253317894604659699e+01
3.317707561869188737e+01
3.341836040146830555e+01
3.357595473671385378e+01
3.325866715739968527e+01
3.331613859314619219e+01
3.383549826404161820e+01
3.457567120413146000e+01
3.538428535332339209e+01
3.653868652126841710e+01
3.770066950927095206e+01
3.923046492085863690e+01
4.034729370658321557e+01
4.081512326489548315e+01
4.267695323914025352e+01
4.505379520846184960e+01
4.729376253302876165e+01
4.833000379579107886e+01
4.983180105070563570e+01
5.105587087030499305e+01
5.154154652186999641e+01
5.252544629623450589e+01
5.197977087810294705e+01
5.121825361629545625e+01
4.922648821720518697e+01
4.633926739390199856e+01
4.276597479579067596e+01
3.787831409664408255e+01
2.685106177546812134e+01
1.906742341622260284e+01
1.507443276229008333e+01
1.188265750788808184e+01
9.321530378464688127e+00
7.188041769550627791e+00
5.412432888898983663e+00
4.113318617695796320e+00
2.528714232559966746e+00
1.589666539982680149e+00
6.431193641362344948e-01
0.000000000000000000e+00
0.000000000000000000e+00
0.000000000000000000e+00
0.000000000000000000e+00
0.000000000000000000e+00
0.000000000000000000e+00
0.000000000000000000e+00
0.000000000000000000e+00
0.000000000000000000e+00
0.000000000000000000e+00
0.000000000000000000e+00
0.000000000000000000e+00
0.000000000000000000e+00
0.000000000000000000e+00
0.000000000000000000e+00
0.000000000000000000e+00
0.000000000000000000e+00
0.000000000000000000e+00
0.000000000000000000e+00
0.000000000000000000e+00
0.000000000000000000e+00
6.596237216802514070e-01
2.028070612597884903e+00
3.683977551460482225e+00
6.020065136831982855e+00
1.282127346710949567e+01
1.536336732091706203e+01
1.826592928514457270e+01
2.102546968225968271e+01
2.354447999194242769e+01
2.594399355827443898e+01
2.744561297407217282e+01
2.928131392538485045e+01
3.083127688272305988e+01
3.103893539101404642e+01
3.090639194331313888e+01
3.020573832117529633e+01
2.917206598480744972e+01
2.739606159917092754e+01
2.487162596451639374e+01
2.169380786469373135e+01
1.638603221088252226e+01
1.007854914311463901e+01
9.826467178038463146e+00
9.352218724633914348e+00
9.687691236232845782e+00
1.147904360061907880e+01
1.656825921100977794e+01
2.514276035918586771e+01
2.979666750262050812e+01
3.377255410769711830e+01
3.818591651727385283e+01
4.095526282388789951e+01
4.277764032610137690e+01
4.363240409676393483e+01
4.392962183695004796e+01
4.324101764178951157e+01
4.210756122782704836e+01
3.938535152192154953e+01
3.547521983257280453e+01
2.996837710649311504e+01
1.842377366388614846e+01
1.319061658176523011e+01
8.694815678150588312e+00
5.778398059327628289e+00
4.047819240002544561e+00
2.896038936826057508e+00
2.150689625773720692e+00
1.714266519288312196e+00
1.376635354140809397e+00
1.117642806620535723e+00
7.530012987570167127e-02
4.849267577292959430e-02
6.326324506941816139e-03
0.000000000000000000e+00
0.000000000000000000e+00
0.000000000000000000e+00
0.000000000000000000e+00
0.000000000000000000e+00
0.000000000000000000e+00
0.000000000000000000e+00
0.000000000000000000e+00
0.000000000000000000e+00
0.000000000000000000e+00
0.000000000000000000e+00
0.000000000000000000e+00
0.000000000000000000e+00
0.000000000000000000e+00
0.000000000000000000e+00
0.000000000000000000e+00
0.000000000000000000e+00
0.000000000000000000e+00
0.000000000000000000e+00
6.480320064855682460e-02
2.125802565765360086e-01
1.178781068843366864e+00
2.267289534650308802e+00
3.302218221752586835e+00
4.453704033611656676e+00
5.407615850677315095e+00
6.332851737368881295e+00
7.193432339240912299e+00
8.988958194785304556e+00
1.098224308325458409e+01
1.392643974032214338e+01
1.547986649749613264e+01
1.679791241085798958e+01
1.826243124649271365e+01
1.942283636665229807e+01
2.059906777042403547e+01
2.174245734499661964e+01
2.307883697726703076e+01
2.440228245312646038e+01
2.537715787984664928e+01
2.656094719434604556e+01
2.758543578976404120e+01
2.810307718602242844e+01
2.871712121859617639e+01
2.941500989817828682e+01
2.983140524992924014e+01
3.006178752547539546e+01
3.044607810706251172e+01
3.023720596753097567e+01
3.045867571231402948e+01
3.086607580914670024e+01
3.112238391445978891e+01
3.147827064953217047e+01
3.200788328882287459e+01
3.283551203657815876e+01
3.390765108198970523e+01
3.536368815600155102e+01
3.625598068929699025e+01
3.769264377792839582e+01
3.927479217732815897e+01
4.071438963796681776e+01
4.200458842853329600e+01
4.356952488793209710e+01
4.487979655612042507e+01
4.535020240967281779e+01
4.565505452745714621e+01
4.569076824093042433e+01
4.535693906658603680e+01
4.449624188523286961e+01
4.320761599008595510e+01
4.114466845169766884e+01
3.868123843048861232e+01
3.528453922019220101e+01
3.103130105355335644e+01
2.423194749030020745e+01
1.428784748135419846e+01
1.009467367999560494e+01
7.032618916235760409e+00
4.698221558339161774e+00
3.179964404934359834e+00
1.844474708341869551e+00
4.506629004128059890e-01
0.000000000000000000e+00
0.000000000000000000e+00
0.000000000000000000e+00
0.000000000000000000e+00
0.000000000000000000e+00
0.000000000000000000e+00
0.000000000000000000e+00
0.000000000000000000e+00
0.000000000000000000e+00
0.000000000000000000e+00
0.000000000000000000e+00
0.000000000000000000e+00
0.000000000000000000e+00
0.000000000000000000e+00
0.000000000000000000e+00
0.000000000000000000e+00
0.000000000000000000e+00
0.000000000000000000e+00
0.000000000000000000e+00
0.000000000000000000e+00
0.000000000000000000e+00
0.000000000000000000e+00
1.923110906898293226e-01
9.462034559075305218e-01
1.620297431318175052e+00
2.301290365373631630e+00
3.125349885092089330e+00
3.963847083898466295e+00
4.750560706235296138e+00
5.712957669425734686e+00
7.186004920137156304e+00
1.078207759378489605e+01
1.321696569221763617e+01
1.433398137435299446e+01
1.569843772684264316e+01
1.706962664780989058e+01
1.836617215669154746e+01
1.961007267297607015e+01
2.101005529156419982e+01
2.203391245284257138e+01
2.353816040259881959e+01
2.504115437348621498e+01
2.646956556639939606e+01
2.650799164800374541e+01
2.608322955165719392e+01
2.515530734308157790e+01
2.369764723848126664e+01
2.164109220480067819e+01
1.869688037716012730e+01
1.205299342104879479e+01
9.084539811786033425e+00
8.611574575531790288e+00
8.129933286184961361e+00
9.389326821987882710e+00
1.220075419593756294e+01
2.019916138243134185e+01
2.580581540458037537e+01
3.003261633594770075e+01
3.362083445476473287e+01
3.673971528212585014e+01
3.927309544272257824e+01
4.043676244381917684e+01
4.088359578849087939e+01
4.080171141539381097e+01
4.011419338903534992e+01
3.877330327359944562e+01
3.610505245020259224e+01
3.279120526604934582e+01
2.817172516535595861e+01
1.820015088526886871e+01
1.293272568381927634e+01
9.088139466509073117e+00
6.470999696963954051e+00
4.266198062643753453e+00
2.668210631630880236e+00
1.241478829750091606e+00
7.664675486616348010e-01
6.891307377755637731e-01
6.102876491152091631e-01
6.944031974238491500e-01
7.093652780133066216e-01
7.539478897387086320e-01
5.641438335599522347e-01
2.365710807447838349e-01
0.000000000000000000e+00
0.000000000000000000e+00
0.000000000000000000e+00
0.000000000000000000e+00
0.000000000000000000e+00
0.000000000000000000e+00
0.000000000000000000e+00
0.000000000000000000e+00
0.000000000000000000e+00
2.278314901071381016e-01
4.581285212325933998e-01
7.955476577552946793e-01
8.642742685135171854e-01
8.168128351470471671e-01
2.739404121703734596e-01
3.416209093204609637e-01
0.000000000000000000e+00
0.000000000000000000e+00
3.204599513659067700e-01
7.728018171154800164e-01
1.439932884906889976e+00
2.093158610155306576e+00
2.827906550980902267e+00
3.731413397898077466e+00
4.610851467902563172e+00
5.605639879009713056e+00
6.802915669088921646e+00
8.796177052520093298e+00
1.235586682738607323e+01
1.411284552120196345e+01
1.560430751613306199e+01
1.704921280413254081e+01
1.829844667984184525e+01
1.953427858058334010e+01
2.039652618241697368e+01
2.132248779125172788e+01
2.228442473611358920e+01
2.296365732413501703e+01
2.364101948472863768e+01
2.409901074023769496e+01
2.447426149308710563e+01
2.476921925457740059e+01
2.495088109207772575e+01
2.483378730495021358e+01
2.483644615596110938e+01
2.457510093762804715e+01
2.443277689567634781e+01
2.417571370125265773e+01
2.449049220854037046e+01
2.475274820630952632e+01
2.532504778155552927e+01
2.602310551505320646e+01
2.728188648510803205e+01
2.886612678973219204e+01
3.081661962187918746e+01
3.296470107747779821e+01
3.529305867548819720e+01
3.788599988947289177e+01
4.042220621836585792e+01
4.320087409947844037e+01
4.517240355698267962e+01
4.658379031403366355e+01
4.783946817023869613e+01
4.817035336275706214e+01
4.791348748789420142e+01
4.863958116119759723e+01
4.778418977924816602e+01
4.579384974467897962e+01
4.294973251871110165e+01
3.964161069311993657e+01
3.554540057161269573e+01
2.981916648369603351e+01
1.817100707784396008e+01
1.422573794345705345e+01
1.143219686247610412e+01
8.812275395492820351e+00
6.646128752458620781e+00
4.664918136744962140e+00
2.866770682116502655e+00
1.218252857835853575e+00
0.000000000000000000e+00
0.000000000000000000e+00
0.000000000000000000e+00
0.000000000000000000e+00
0.000000000000000000e+00
0.000000000000000000e+00
0.000000000000000000e+00
0.000000000000000000e+00
0.000000000000000000e+00
0.000000000000000000e+00
0.000000000000000000e+00
0.000000000000000000e+00
0.000000000000000000e+00
0.000000000000000000e+00
0.000000000000000000e+00
0.000000000000000000e+00
0.000000000000000000e+00
0.000000000000000000e+00
0.000000000000000000e+00
5.006897138561692273e-01
7.741347257714190633e-01
1.368660751899895001e+00
2.042418426515419050e+00
2.442108429694808347e+00
3.390746045449201329e+00
4.092582412063566544e+00
6.314760632573652721e+00
1.118284543886043814e+01
1.440272641177392110e+01
1.672018044770453571e+01
1.884711619338998645e+01
2.066380997763414129e+01
2.240923642824347795e+01
2.387166056924210267e+01
2.571431040156753056e+01
2.794383530694361184e+01
2.841245257962484771e+01
2.830302798057523006e+01
2.780310453983330987e+01
2.680414576831319806e+01
2.516513499495563977e+01
2.309076168608116220e+01
2.113319326844348822e+01
1.810454757763321609e+01
1.252271299444939601e+01
1.060841202181621767e+01
9.557821935981179351e+00
9.661463657184658160e+00
1.128116580727381368e+01
1.493084937447509830e+01
2.389690572682896175e+01
2.872735497601252774e+01
3.293108602124355144e+01
3.669863968627809925e+01
4.006273378564739573e+01
4.177667107003081526e+01
4.289704339866172944e+01
4.338563039382812292e+01
4.310284246968855371e+01
4.160175852569098964e+01
3.915163913278311725e+01
3.571134277860151940e+01
3.047713175947460940e+01
1.948284870453816708e+01
1.040964139636109387e+01
6.119378757465945284e+00
3.223727893577979842e+00
1.318383186331216095e+00
0.000000000000000000e+00
0.000000000000000000e+00
0.000000000000000000e+00
0.000000000000000000e+00
0.000000000000000000e+00
0.000000000000000000e+00
0.000000000000000000e+00
0.000000000000000000e+00
0.000000000000000000e+00
0.000000000000000000e+00
0.000000000000000000e+00
0.000000000000000000e+00
0.000000000000000000e+00
0.000000000000000000e+00
0.000000000000000000e+00
0.000000000000000000e+00
0.000000000000000000e+00
0.000000000000000000e+00
0.000000000000000000e+00
0.000000000000000000e+00
0.000000000000000000e+00
0.000000000000000000e+00
0.000000000000000000e+00
0.000000000000000000e+00
0.000000000000000000e+00
0.000000000000000000e+00
0.000000000000000000e+00
0.000000000000000000e+00
2.879767806860968893e-01
1.258336218679809937e+00
2.094470124303455805e+00
2.948174517271563211e+00
4.128842867062052058e+00
5.262618124920569684e+00
6.677684487151668513e+00
9.486434584779004808e+00
1.161590169975251641e+01
1.310202571539689131e+01
1.429312571099803542e+01
1.538041034214612601e+01
1.690464189202806367e+01
1.819017069241446549e+01
1.919268760276803931e+01
2.011552054511204091e+01
2.105961713369029908e+01
2.207191836002309770e+01
2.285678435439123035e+01
2.359192879634191087e+01
2.434763184185180762e+01
2.486014364033547963e+01
2.567110713590277982e+01
2.625722939864996874e+01
2.701699031054632627e+01
2.735933916183458692e+01
2.799968332421907391e+01
2.835794568398955207e+01
2.870561201676602536e+01
2.889034075202908980e+01
2.927163643217695821e+01
2.960051888547343424e+01
3.000466784124390074e+01
3.029450778182175341e+01
3.095754450599421403e+01
3.192060068189416810e+01
3.317195095341192967e+01
3.443364521473323947e+01
3.608490081256771731e+01
3.774924380549740022e+01
3.952639308230754978e+01
4.156577280162910881e+01
4.354772346185699661e+01
4.485726229053706504e+01
4.659850090551299218e+01
4.784044042208189040e+01
4.851931913193557477e+01
4.867518300474719695e+01
4.837292295112740703e+01
4.770757493402867766e+01
4.664487092727302553e+01
4.476708450601821454e+01
4.178973703608468071e+01
3.812498277711604544e+01
3.281696934450232561e+01
2.103377053830127608e+01
1.448375219663532576e+01
1.158547494011992463e+01
8.563037097966896383e+00
6.208246752504992472e+00
4.295058460949878310e+00
2.928241667961668071e+00
1.986628680953055337e+00
1.144214187582214493e+00
3.959413960074371630e-01
0.000000000000000000e+00
0.000000000000000000e+00
0.000000000000000000e+00
0.000000000000000000e+00
0.000000000000000000e+00
0.000000000000000000e+00
0.000000000000000000e+00
0.000000000000000000e+00
0.000000000000000000e+00
0.000000000000000000e+00
0.000000000000000000e+00
0.000000000000000000e+00
0.000000000000000000e+00
0.000000000000000000e+00
0.000000000000000000e+00
0.000000000000000000e+00
0.000000000000000000e+00
0.000000000000000000e+00
0.000000000000000000e+00
0.000000000000000000e+00
0.000000000000000000e+00
2.246007604076800668e-01
1.023564652251100826e+00
2.047928375285100966e+00
3.380180685824685227e+00
4.985114700912020247e+00
6.542651792023785440e+00
1.137486523524175652e+01
1.421684553708354493e+01
1.620747813910294255e+01
1.774017430000796836e+01
1.924080190859337591e+01
2.048524882139841097e+01
2.162307945539091136e+01
2.255392565507657210e+01
2.360630491557897415e+01
2.429805304912085617e+01
2.504584309533176878e+01
2.530253462267904752e+01
2.529133388087226919e+01
2.508645762146761271e+01
2.428801406064037849e+01
2.317952692617084764e+01
2.164251325423155592e+01
1.956684477211013373e+01
1.605689896583245613e+01
1.000771077185700086e+01
7.320103887220839489e+00
5.781767189820795849e+00
4.966185928429961649e+00
5.476480067150839126e+00
6.503381052999431589e+00
9.310039237780982191e+00
1.778500297080854864e+01
2.341974924615029963e+01
2.797926646115500660e+01
3.140381562565925222e+01
3.445187574163627175e+01
3.675272757299314463e+01
3.849942340512765782e+01
3.894686861507670983e+01
3.879335860678147441e+01
3.783832262254733081e+01
3.571991764661702007e+01
3.287854321526130263e+01
2.884424559919006015e+01
2.347078139980136768e+01
1.208452210472115951e+01
7.505748191650524426e+00
4.251660312087678584e+00
1.410443446675580859e+00
0.000000000000000000e+00
0.000000000000000000e+00
0.000000000000000000e+00
0.000000000000000000e+00
0.000000000000000000e+00
0.000000000000000000e+00
0.000000000000000000e+00
0.000000000000000000e+00
0.000000000000000000e+00
0.000000000000000000e+00
0.000000000000000000e+00
0.000000000000000000e+00
0.000000000000000000e+00
0.000000000000000000e+00
0.000000000000000000e+00
