9.485593999999997550e+01
9.460888295753778721e+01
9.391933392318003371e+01
9.353949406332449712e+01
9.296293970804170215e+01
9.261124070156613186e+01
9.232829408421513051e+01
9.247511130531449908e+01
9.248644909043137829e+01
9.243945357724201983e+01
9.241008770931472327e+01
9.209997841958336551e+01
9.193297751188467259e+01
9.187321716558101059e+01
9.195136059721551192e+01
9.179019271339717534e+01
9.176254766074194436e+01
9.163991534881824919e+01
9.153384689409951136e+01
9.143036862463436876e+01
9.176677937335780655e+01
9.151547337714194441e+01
9.159597223504981400e+01
9.165897573312496149e+01
9.165634842535061466e+01
9.152900508613960540e+01
9.159920796987719882e+01
9.159712591339122412e+01
9.161316202103837725e+01
9.163788533545188386e+01
9.159902767884854313e+01
9.163651237639146530e+01
9.165787940375875564e+01
9.151488299084500966e+01
9.181552549619088666e+01
9.144704330215191135e+01
9.199262928645158865e+01
9.183380680409163688e+01
9.181565241716218395e+01
9.186144836187961005e+01
9.200521342507907718e+01
9.169844126154835351e+01
9.198946040680473857e+01
9.201192267955582338e+01
9.190607752603857250e+01
9.205797681973201918e+01
9.214527434122410909e+01
9.187391530165290021e+01
9.198635490319875885e+01
9.198626057370927356e+01
9.179739914303924309e+01
9.198402528580331250e+01
9.209478300631015202e+01
9.194674745894323564e+01
9.186890169674639139e+01
9.187493441220340173e+01
9.187446082797174540e+01
9.185634220230157609e+01
9.217045076535423220e+01
9.214443901844940399e+01
9.202819859676935721e+01
9.205693734941789330e+01
9.191687742344743128e+01
9.191873677782986363e+01
9.202192450841705806e+01
9.208512460547402156e+01
9.221893679622037610e+01
9.251979007477252992e+01
9.239998706445919652e+01
9.254515689078681362e+01
9.271879027572165910e+01
9.288651987495113360e+01
9.294260785855988161e+01
9.318618656318525950e+01
9.368542523820426027e+01
9.390471933991433673e+01
9.430254070078376571e+01
9.444113706956480314e+01
9.493210992906300305e+01
9.557809722668309860e+01
9.597506797802481060e+01
9.642771631208427152e+01
9.694611957083691323e+01
9.754065569301191374e+01
9.761223276228975010e+01
9.797995436970448679e+01
9.822759749834712295e+01
9.842545756103156407e+01
9.830182533688223145e+01
9.853869751960240819e+01
9.871663380920506370e+01
9.853602575215580828e+01
9.877730415227419769e+01
9.896217588512948282e+01
9.888203932552755759e+01
9.911124936502226035e+01
9.908254326247691779e+01
9.920420149003147969e+01
9.922379511557628007e+01
9.945897441435134567e+01
9.943883930555630002e+01
9.937944746035692845e+01
9.970791524265654004e+01
9.964910149537060136e+01
9.952211906471553959e+01
9.980913783439500264e+01
9.974070676210074282e+01
1.000489542580371705e+02
1.001641881302919899e+02
1.005499288888378970e+02
1.007178932252459305e+02
1.012892287252434613e+02
1.016949418162152767e+02
1.020505053058083007e+02
1.024640596840332591e+02
1.025412430261481518e+02
1.029698965629592209e+02
1.033173129848919842e+02
1.036249472401879075e+02
1.036679022009402473e+02
1.038827781212722812e+02
1.042189862891328431e+02
1.043350761662673847e+02
1.045599878960787805e+02
1.047666733941210140e+02
1.048835085555156894e+02
1.051112616481072308e+02
1.052263673644575306e+02
1.054579920714385537e+02
1.055706861222719795e+02
1.057107798094806839e+02
1.059067127505046244e+02
1.059448375998456271e+02
1.063373219466047317e+02
1.065137765687152438e+02
1.068611021333063178e+02
1.071893662086039711e+02
1.075535767865884083e+02
1.077196204416263754e+02
1.077910835275733064e+02
1.080044371766134219e+02
1.083815721293930352e+02
1.086611363154409560e+02
1.090158990075701695e+02
1.091195492393722333e+02
1.097359928662993980e+02
1.102715547129942024e+02
1.107038254424745389e+02
1.110756256170548397e+02
1.117653012407808717e+02
1.121775718396487207e+02
1.128758656753175131e+02
1.136338657362617965e+02
1.144456388554350781e+02
1.152447575679778851e+02
1.158970885559611901e+02
1.164893283164227569e+02
1.169282059420833946e+02
1.172513446444375802e+02
1.175016910722128074e+02
1.176894736446658101e+02
1.178647973575724279e+02
1.179276230388272211e+02
1.179356119598241861e+02
1.179688670505036612e+02
1.179851903060017406e+02
1.178831583797921922e+02
1.178502385737909606e+02
1.178117725089576737e+02
1.177875119937282875e+02
1.177759032112327162e+02
1.176752693402641938e+02
1.175809127944871619e+02
1.173967120925852186e+02
1.171373947491466794e+02
1.168709501633874055e+02
1.164849020273527742e+02
1.159473840875532034e+02
1.151460530852113067e+02
1.137932727660611079e+02
1.115841592613386126e+02
1.081832385558527676e+02
1.023537675993331248e+02
9.513862410676493653e+01
8.705760083265505500e+01
7.831661738324075372e+01
6.945322081384807689e+01
6.216590699016791177e+01
5.578547889103418811e+01
4.489796648672266599e+01
3.908365820794123380e+01
3.452210777387701057e+01
3.089198586693508730e+01
2.849688306553316863e+01
2.796094399568524835e+01
3.028535342800794439e+01
3.485207401858929188e+01
4.532333053365336184e+01
4.947875564309495644e+01
5.288820166440324044e+01
5.645687907886750878e+01
5.992628351194146319e+01
6.357838710696336904e+01
6.745982694645913114e+01
7.143321626135775659e+01
7.583347275884703720e+01
8.007617159899207593e+01
8.326299195830168287e+01
8.632736430332747091e+01
8.898256662215730728e+01
9.124354105256131220e+01
9.357190534990836284e+01
9.564126321806509168e+01
9.679622839943186818e+01
9.654107834308605618e+01
9.579230690490716427e+01
9.575716316441013021e+01
9.596513443392964859e+01
9.594601637443035713e+01
9.607473163288875639e+01
9.608492313476068603e+01
9.574058728241311655e+01
9.556793956269615364e+01
9.519709989979332931e+01
9.483049201726851152e+01
9.474583960934458560e+01
9.480745777479910430e+01
9.456078924767045635e+01
9.447786299417160194e+01
9.428820911464285359e+01
9.415724351609331677e+01
9.382228977606884257e+01
9.351632798148337145e+01
9.334821975744561939e+01
9.319494395995739922e+01
9.292025188106688915e+01
9.290798074219271996e+01
9.283468216363573333e+01
9.264631223006159644e+01
9.278277491125500376e+01
9.267527530593100948e+01
9.245295473586789115e+01
9.263585953149119234e+01
9.237318910295546459e+01
9.228809314159491350e+01
9.241855273521784397e+01
9.212556121286111477e+01
9.237539996605092085e+01
9.208948375097253347e+01
9.195702281026663627e+01
9.186820608455575154e+01
9.159123362261878754e+01
9.151767945423790707e+01
9.128107628832471221e+01
9.111297758174094952e+01
9.104395826786483781e+01
9.087528737942720625e+01
9.093124209091159571e+01
9.059342277741183125e+01
9.060650409013859985e+01
9.053541683859276645e+01
9.037517493324610030e+01
9.033190990083710403e+01
9.029451126583727216e+01
9.025750054946233547e+01
9.002914864223285463e+01
8.988431315993923931e+01
8.984999962303416510e+01
8.977046778234537783e+01
8.952375543887777098e+01
8.957441859669255280e+01
8.963719615561714704e+01
8.959685556279001162e+01
8.972699234798821522e+01
8.999349906416844647e+01
9.006836013496837268e+01
9.033216158994291334e+01
9.035214770025665132e+01
9.067106232803972432e+01
9.050249603725742986e+01
9.050424025666377759e+01
9.064406814301148074e+01
9.068434955566176825e+01
9.058827949894056530e+01
9.079013621499861131e+01
9.082924404486020364e+01
9.074978950199479755e+01
9.094755412753389123e+01
9.137660940883102967e+01
9.169927315214331998e+01
9.186331668714329624e+01
9.225478033334232464e+01
9.240333584840762171e+01
9.294812585743622435e+01
9.324718442303561972e+01
9.391183866930343527e+01
9.424011252459240495e+01
9.462219528346393815e+01
9.483075168235221497e+01
9.549202751208687800e+01
9.550726542555773335e+01
9.579555367056475745e+01
9.586327474679973193e+01
9.582781108366549461e+01
9.596258794436086248e+01
9.597848839130431031e+01
9.603709107558196933e+01
9.622484581466692077e+01
9.621445071442548169e+01
9.640765119545309858e+01
9.611608688915184473e+01
9.618962819672104558e+01
9.614378177426665673e+01
9.610094763060777723e+01
9.641102601322978671e+01
9.664275145763190267e+01
9.663289887246544652e+01
9.646184835973772920e+01
9.668125191680876185e+01
9.650479357765149757e+01
9.637291670784739495e+01
9.641966193234823379e+01
9.638918853937019549e+01
9.665097861756117936e+01
9.700127860788458634e+01
9.717059840019435057e+01
9.772272872148697331e+01
9.797156183639263816e+01
9.788862465493197362e+01
9.830471003051191303e+01
9.876778558745101577e+01
9.887219335990786817e+01
9.893153923103021441e+01
9.950646039703930512e+01
9.981543225906210637e+01
9.993239788301657711e+01
1.002004669924930766e+02
1.004152207192714172e+02
1.006069580229880103e+02
1.005868343132163858e+02
1.009581883869341965e+02
1.011129905670561442e+02
1.011556912190569335e+02
1.015461499921344171e+02
1.015757505131775531e+02
1.019436138995756096e+02
1.019415749499225115e+02
1.022325188156035267e+02
1.025761736566503686e+02
1.026655266929515449e+02
1.028629493663620593e+02
1.030501558519157612e+02
1.031407418423618196e+02
1.034355987946212707e+02
1.034712599986440011e+02
1.037112587267652373e+02
1.036901168375794668e+02
1.036831047508403714e+02
1.037848511418252002e+02
1.039395063330506588e+02
1.039451729688163795e+02
1.042946618791743276e+02
1.043427721648531303e+02
1.044080634414844440e+02
1.045856346657728437e+02
1.048137973109088819e+02
1.050579322072598245e+02
1.051506213390485982e+02
1.052500537621998689e+02
1.053883535048277054e+02
1.056617274021135700e+02
1.057419068151694432e+02
1.060768991557527414e+02
1.062829843567012631e+02
1.065609071076721932e+02
1.069111022352787614e+02
1.072656111927435916e+02
1.075788904822086067e+02
1.077681242015041647e+02
1.081652143815301201e+02
1.086363579109521993e+02
1.089070090041995797e+02
1.093698659945712137e+02
1.097864891317038882e+02
1.103380319239677618e+02
1.108594452839112421e+02
1.113593557775360097e+02
1.116754668345721342e+02
1.120595296732875141e+02
1.125874343903359005e+02
1.130337257803639375e+02
1.134717573485623632e+02
1.137891826780455204e+02
1.143561173842407754e+02
1.145374143993748817e+02
1.149973401678522009e+02
1.152651847208986595e+02
1.159088569242509692e+02
1.160209953730535517e+02
1.163258452494927155e+02
1.165335975694088972e+02
1.168021090735998939e+02
1.168532837668408604e+02
1.170356697463233075e+02
1.173069766166429702e+02
1.174727352483289877e+02
1.175645626593482547e+02
1.176676225975103591e+02
1.177296677744893429e+02
1.178367131061087179e+02
1.178708010777225610e+02
1.179808392140184878e+02
1.179991600168508370e+02
1.179263638180023435e+02
1.177756305543088899e+02
1.177550014818855857e+02
1.177299878940800681e+02
1.176668498767127460e+02
1.175538833491804809e+02
1.173688267223918587e+02
1.172071772883915770e+02
1.168621950309279072e+02
1.162791983562687790e+02
1.154189244516706481e+02
1.140240519817923825e+02
1.119659131695231054e+02
1.085950916400791471e+02
1.038456928888350319e+02
9.794214576558982799e+01
9.093297671868646148e+01
8.304529391938862659e+01
7.472155961888044828e+01
6.734286120401424114e+01
6.104000109546583275e+01
5.447404301553349626e+01
4.364499227703383610e+01
3.812299127655111164e+01
3.335916818188535871e+01
2.916532054395418427e+01
2.632112892299274520e+01
2.450462616331890686e+01
2.319107541433687913e+01
2.167725483166164935e+01
2.139634872280689493e+01
2.151618981397117381e+01
2.148194344406897116e+01
2.320677595029968643e+01
2.406128079390747487e+01
2.611024225152658218e+01
2.895709986618982867e+01
3.386306504032936004e+01
4.266311615528857715e+01
4.630114489604046213e+01
5.049039215424814842e+01
5.411770579747334153e+01
5.774260932198251339e+01
6.162707704115327800e+01
6.632468444837851962e+01
7.092250239460156536e+01
7.549863932364749530e+01
7.982978859202054878e+01
8.378145019928562931e+01
8.743536635068500118e+01
9.032378134606929621e+01
9.240683086863225526e+01
9.226744281662990943e+01
9.236013419860438489e+01
9.236250830193124273e+01
9.215070051246021876e+01
9.222589898087633742e+01
9.191917616719231887e+01
9.138202638159461344e+01
9.064835237759275799e+01
8.989223353242675785e+01
8.904126422320777579e+01
8.871198640977978300e+01
8.850508594404105622e+01
8.893730418703756868e+01
8.901446903951223533e+01
8.919860930158343137e+01
8.957724155315600001e+01
8.985365052746350045e+01
9.007487560647048497e+01
9.037273847758589795e+01
9.059872502423101537e+01
9.075644456912232272e+01
9.096896825838474854e+01
9.125040667760970337e+01
9.121085584304883298e+01
9.147854674316512558e+01
9.138946021549720911e+01
9.144086288178174016e+01
9.163508273717636143e+01
9.158766778705779643e+01
9.136800724352184488e+01
9.141164391382939414e+01
9.150880041579891611e+01
9.160217274582080904e+01
9.142137556481930005e+01
9.167938862597047489e+01
9.168502173120830889e+01
9.195016289842408241e+01
9.216548793300775344e+01
9.228716239157031964e+01
9.236727446559559951e+01
9.243801862062666430e+01
9.252421374049576741e+01
9.250112509487830437e+01
9.263092660830351122e+01
9.285734788634543690e+01
9.317659620491005512e+01
9.366299605043363385e+01
9.415721230991984214e+01
9.465213389574583402e+01
9.502600689280340873e+01
9.534230401894815543e+01
9.560473788527474426e+01
9.593231821503142953e+01
9.616300014404279750e+01
9.644386725652148584e+01
9.660623376483842151e+01
9.691096151039876361e+01
9.700336931245890071e+01
9.716267534121149652e+01
9.722297121419026666e+01
9.735512744068671509e+01
9.743864485820654409e+01
9.766680024263042981e+01
9.757683968371125616e+01
9.759900009295483869e+01
9.764764085331027843e+01
9.771207372301851990e+01
9.781691416778593862e+01
9.787704483932037647e+01
9.789746348794952269e+01
9.781916279059819885e+01
9.776511596054206166e+01
9.787504713818725577e+01
9.776279357339963383e+01
9.789539387610879828e+01
9.788486280622066715e+01
9.786327626432749582e+01
9.767187789838756373e+01
9.775714917916570812e+01
9.778823178136667593e+01
9.785624958197564638e+01
9.789984219761922191e+01
9.799081737541722248e+01
9.786289761458060354e+01
9.813965275410498634e+01
9.810836620238286798e+01
9.815641653149907597e+01
9.811985225960377477e+01
9.818858247089146118e+01
9.833174951780235062e+01
9.844983933487068839e+01
9.863798020370765585e+01
9.881345979890596709e+01
9.900703948695446854e+01
9.927799173544254074e+01
9.966868652051783783e+01
9.984392334682208059e+01
1.000412863815912630e+02
1.001848558772735203e+02
1.004079448435230546e+02
1.007544467478083448e+02
1.012105649162463976e+02
1.014627144582080120e+02
1.019349774416745760e+02
1.023943367719109574e+02
1.028302095755354770e+02
1.033392868272256919e+02
1.037259522125525137e+02
1.039828628224917111e+02
1.041874783403894611e+02
1.043830175370099056e+02
1.046558570413021556e+02
1.048800618261535504e+02
1.050623667461198494e+02
1.054713694997340099e+02
1.059033073941099161e+02
1.062723472536253695e+02
1.067190914190016002e+02
1.071425211280325271e+02
1.075153098024403988e+02
1.079987521922734146e+02
1.084076660741201010e+02
1.088612703078969446e+02
1.092037365622658456e+02
1.096686752723312281e+02
1.102556395027680622e+02
1.108348209799370210e+02
1.114077554875078846e+02
1.119664347188590625e+02
1.125051107244809998e+02
1.131205058559534677e+02
1.135680616680131578e+02
1.139898192618556578e+02
1.142816332580942458e+02
1.145208391203662899e+02
1.146890435508407222e+02
1.148556081717759412e+02
1.149537185886011201e+02
1.152194511369247323e+02
1.155764160812185111e+02
1.158076429384302486e+02
1.159802279817096036e+02
1.160690789768383837e+02
1.160447985206041039e+02
1.161676921573746455e+02
1.162045121124869524e+02
1.163457917965150301e+02
1.163302671330883271e+02
1.163744918701112283e+02
1.164473704685737800e+02
1.165164299730136150e+02
1.165162230100388143e+02
1.165790191258951296e+02
1.165564827961413812e+02
1.165678667223104696e+02
1.165920834971370965e+02
1.166320550130247540e+02
1.166782853602993413e+02
1.167054797751097368e+02
1.167296644885375656e+02
1.167545664894780657e+02
1.167532696375857029e+02
1.167614573801890145e+02
1.167684695229983305e+02
1.167974414793229982e+02
1.167825507522593256e+02
1.168222139980536127e+02
1.168039113722132498e+02
1.167486750350629876e+02
1.168153866657700917e+02
1.168433031747525916e+02
1.169012132294653981e+02
1.169577873704750033e+02
1.169385092029068574e+02
1.170326463033579074e+02
1.170251499444729149e+02
1.170449025760170940e+02
1.170692382318344045e+02
1.171089592336402490e+02
1.171338042077176738e+02
1.171370713568510240e+02
1.172014521825899038e+02
1.172161947533950297e+02
1.172369516834782104e+02
1.172602593695577156e+02
1.173119983598842992e+02
1.173166272192479340e+02
1.173410856098454218e+02
1.173178773540954296e+02
1.173662219937537401e+02
1.173813959509354561e+02
1.174024400140854283e+02
1.174022484871154290e+02
1.173185627066098249e+02
1.172209224417196225e+02
1.170641396665701990e+02
1.168799338192532389e+02
1.166478092650853142e+02
1.162084785170252133e+02
1.154428433771810205e+02
1.140687286577166333e+02
1.114851133720758440e+02
1.073582606247139921e+02
1.015692736163742325e+02
9.427082646826775658e+01
8.593685586088646744e+01
7.697392671546377585e+01
6.794402320953356877e+01
6.044368903698237716e+01
5.239892546202128187e+01
4.199798019654168968e+01
3.686718454395787603e+01
3.296015043836850111e+01
2.965922786167222824e+01
2.705567885849810494e+01
2.492695760381738168e+01
2.336000817045317390e+01
2.237288164187527428e+01
2.225637795287680021e+01
2.330057528913062725e+01
2.546113050959708701e+01
2.849361453363348318e+01
3.400068383151701568e+01
4.234836737153908359e+01
4.574015711315825428e+01
5.007293111738101032e+01
5.479278012114139784e+01
5.941875337148369596e+01
6.441670869282729939e+01
6.969893223148262962e+01
7.463853150223371813e+01
7.924563006655924369e+01
8.293265690256708922e+01
8.541835081390703976e+01
8.638969568486778883e+01
8.739838021821266523e+01
8.700123779486195019e+01
8.608653775727211155e+01
8.573132832692023442e+01
8.537820119460198498e+01
8.490347317387771398e+01
8.407671762668215365e+01
8.376442598629900260e+01
8.368044082025589603e+01
8.376865546640711102e+01
8.442613275075140677e+01
8.471930164595839585e+01
8.505492976413950146e+01
8.536044594388515350e+01
8.583529916533943549e+01
8.623765807251315607e+01
8.647981069359929052e+01
8.665785972226376543e+01
8.671454742719751607e+01
8.699330510512326953e+01
8.676144880727623843e+01
8.681113679143948048e+01
8.703851236865970975e+01
8.705879000962578118e+01
8.720567663510638567e+01
8.734442681106136774e+01
8.765317426842027260e+01
8.777966136741277126e+01
8.817045958634585645e+01
8.849842094032334217e+01
8.875646116184879020e+01
8.924678961860735171e+01
8.936914139188928630e+01
8.938556716064071850e+01
8.968483415477311382e+01
8.996830970639649649e+01
9.013559691533544083e+01
9.004931843962471305e+01
9.037801960499666620e+01
9.054524880966089029e+01
9.047115348705321480e+01
9.053311611852915064e+01
9.061457248387830532e+01
9.091929098969460199e+01
9.086047085114925892e+01
9.107129069714719094e+01
9.128821989876266230e+01
9.129516273307375229e+01
9.139914139466981169e+01
9.168253244474878727e+01
9.159575874506955984e+01
9.196498761918293496e+01
9.203529255512519569e+01
9.210099579781365264e+01
9.234815405765654361e+01
9.248269226142461719e+01
9.277690855704773298e+01
9.307134026555362993e+01
9.353022587215725991e+01
9.409922080502548170e+01
9.480232876160683020e+01
9.539108459283436048e+01
9.565074545184150168e+01
9.598451489482268073e+01
9.612297382056648587e+01
9.620904842026838821e+01
9.636996871131965747e+01
9.643765757029487418e+01
9.647483032779786072e+01
9.642101517000118349e+01
9.642967284937341788e+01
9.652568693131976829e+01
9.669570200361539491e+01
9.685464035507744995e+01
9.690246422797545733e+01
9.690484832043341612e+01
9.670006959222813236e+01
9.666676526406573089e+01
9.664996192791062413e+01
9.675967934196675913e+01
9.678448921186978282e+01
9.670901951608843206e+01
9.692485448060776321e+01
9.701750008539617909e+01
9.700805127105600434e+01
9.712586790839932860e+01
9.722156691733437128e+01
9.735990844552893009e+01
9.733345006377093966e+01
9.731573444352994784e+01
9.739908920173905926e+01
9.755010450719211690e+01
9.781651542383548303e+01
9.817665507747841502e+01
9.858490787170953240e+01
9.902554898136924066e+01
9.949476666365013955e+01
9.987942094865047693e+01
1.002906548196395420e+02
1.007177453700718956e+02
1.008148893307928233e+02
1.010898986992111048e+02
1.015546161478693676e+02
1.019675607352880036e+02
1.024549131401076636e+02
1.028433023228631669e+02
1.031282964859122018e+02
1.036262033315956614e+02
1.040143480131827829e+02
1.043520750298964259e+02
1.045993453956924668e+02
1.050201186060651679e+02
1.052288896496171446e+02
1.054137136703524078e+02
1.055348258696621997e+02
1.057058344708547395e+02
1.059026158723491307e+02
1.059935550416604713e+02
1.061660999806937724e+02
1.063523554602612080e+02
1.065307359560328280e+02
1.065654692507082757e+02
1.067823180155629643e+02
1.069486123269105775e+02
1.070488040022956397e+02
1.070118179822235760e+02
1.071392384727767677e+02
1.071582427848055659e+02
1.071285327147272426e+02
1.072154114197756343e+02
1.074472637809695073e+02
1.072678426042306370e+02
1.075239462867561855e+02
1.075371687630350550e+02
1.077704946984133016e+02
1.079811526712129819e+02
1.082053786214245008e+02
1.084978922294257302e+02
1.085591466014356001e+02
1.088201430411961468e+02
1.091975041653065830e+02
1.096462263082711388e+02
1.100073888918979179e+02
1.103546994260259595e+02
1.107896940625931421e+02
1.111659540716869401e+02
1.116411031166198171e+02
1.119764136713296097e+02
1.124459872567061183e+02
1.128163480368075398e+02
1.132295207685063190e+02
1.134758407231224453e+02
1.136607085476983627e+02
1.142037990158083005e+02
1.147276999545407392e+02
1.150659952847615841e+02
1.152762390588663806e+02
1.156333113689386352e+02
1.159842612034351959e+02
1.162554944972878701e+02
1.164597590681714649e+02
1.167154785700903545e+02
1.169527448781626049e+02
1.170792734469310687e+02
1.171510829595106600e+02
1.172547361419159273e+02
1.172433676825375244e+02
1.173599386634936792e+02
1.174084616396881984e+02
1.174282073669448465e+02
1.174571443077864217e+02
1.174957810123038087e+02
1.175065105481731678e+02
1.175316845984552714e+02
1.175612827708620500e+02
1.175208032201890944e+02
1.175056178556721846e+02
1.175004634656570488e+02
1.173729475342386053e+02
1.173605024353391144e+02
1.174194303695103230e+02
1.173602806396286695e+02
1.173412040977698751e+02
1.173953636525721009e+02
1.173071502567739373e+02
1.173198293996697146e+02
1.172093571648529888e+02
1.169982942556125494e+02
1.166758376875805396e+02
1.160026221673753639e+02
1.150189256209992408e+02
1.136894651024776977e+02
1.111505193497732762e+02
1.064490106245973919e+02
9.962170734746204914e+01
9.146134869125393152e+01
8.262381784112635330e+01
7.362988685069089456e+01
6.577936910905235379e+01
5.976753196784268596e+01
5.193131058184719961e+01
4.144886156637695507e+01
3.462210213799147596e+01
2.819650702733708414e+01
2.323161841508353120e+01
2.042328047417532133e+01
1.990794069559080981e+01
2.090043368528978718e+01
2.267014725759983307e+01
2.465364340101085361e+01
2.575838759242136788e+01
2.651432233017130358e+01
2.738216171849134994e+01
2.845075043882846444e+01
3.029957047795114633e+01
3.574973488453417758e+01
4.370625551871524550e+01
4.782691894050421411e+01
5.206864386259582034e+01
5.623385658226905548e+01
6.036339528607280869e+01
6.510662175592912604e+01
6.985473237929139145e+01
7.379905533541497675e+01
7.715624236413081860e+01
8.021548559858304372e+01
8.320128658030864699e+01
8.616505605702249682e+01
8.878620352863281084e+01
9.028569686307696429e+01
9.037578304457210265e+01
9.000847511478711738e+01
8.947918352410765408e+01
8.916482541114623928e+01
8.919166184351925608e+01
8.949017655814431293e+01
8.976830393815131970e+01
8.990073858341170876e+01
8.962967006138231341e+01
8.927859713239456596e+01
8.897134697836503392e+01
8.849168145751063719e+01
8.809653865495214120e+01
8.805249015813328128e+01
8.819728869250876357e+01
8.804640466640969976e+01
8.800480244698997012e+01
8.810515961672713559e+01
8.822954948748558479e+01
8.835841553853529717e+01
8.838227940170817476e+01
8.847064662843763472e+01
8.853185613170198565e+01
8.848015467515912746e+01
8.860378063706667717e+01
8.861874754513414132e+01
8.857851606298108038e+01
8.851701450605365551e+01
8.855683492622655706e+01
8.841178393710214323e+01
8.821740312155333186e+01
8.828421128151305197e+01
8.824339668241586310e+01
8.828893068333159988e+01
8.845184013771962839e+01
8.847398922495247575e+01
8.851835498655198364e+01
8.854874966936236547e+01
8.869740098110563054e+01
8.866205354167293251e+01
8.878355512604090904e+01
8.873155008785438724e+01
8.884893346152622939e+01
8.882697380029195244e+01
8.892522951630586192e+01
8.909035165595953742e+01
8.931387536176654862e+01
8.913277274321012555e+01
8.927297891612587932e+01
8.946863225682970722e+01
8.941683908723372554e+01
8.938045250745092574e+01
8.953566425445612253e+01
8.966538670511236830e+01
8.978940893066211970e+01
8.994025171887595604e+01
9.027229762954209491e+01
9.036111126912021518e+01
9.060261296678822873e+01
9.106267373387444763e+01
9.130563588435779820e+01
9.145327830022243631e+01
9.168598865062209313e+01
9.192230073445841754e+01
9.224848786493670616e+01
9.242849860634129300e+01
9.262881528677162635e+01
9.292289861535384432e+01
9.298403939508386884e+01
9.302320335442979626e+01
9.314852891104749233e+01
9.332531853001694344e+01
9.356551046056830501e+01
9.408435732576180044e+01
9.450304118749028248e+01
9.490936850818498272e+01
9.515413462370062803e+01
9.508730024287839910e+01
9.541666901695573699e+01
9.579514642682978831e+01
9.618209768017511863e+01
9.676550108507213110e+01
9.724420897274315223e+01
9.753279227855325928e+01
9.782730995857903622e+01
9.813927719584040688e+01
9.838316502156183674e+01
9.854479758172530524e+01
9.869436164320723037e+01
9.883171762264740323e+01
9.903318146124573218e+01
9.900309308869908875e+01
9.903537710975354003e+01
9.913017840227206534e+01
9.914040132899289404e+01
9.911824645922094135e+01
9.896912964433130355e+01
9.865301601864636893e+01
9.871961532386579563e+01
9.894780669233595916e+01
9.892546438455745772e+01
9.904490773567371775e+01
9.924014438166243224e+01
9.933957948826923712e+01
9.936066522679703894e+01
9.932660099260066033e+01
9.945463079048434452e+01
9.959431364153392963e+01
9.970156487006195789e+01
9.974544359996859555e+01
9.989285175458113031e+01
1.001516231009460114e+02
1.006560797934636611e+02
1.012719593386675285e+02
1.018047783334050393e+02
1.023829116761386189e+02
1.030690372018054148e+02
1.037158836411628187e+02
1.041592157770511591e+02
1.045452776033780680e+02
1.050288219565787813e+02
1.053274551965101296e+02
1.056096473242209157e+02
1.062379613543430708e+02
1.070021214054966947e+02
1.078924503206728644e+02
1.086635171233667876e+02
1.093889117373975211e+02
1.101888333625892642e+02
1.109073780152474171e+02
1.115955692962955794e+02
1.121914041738465500e+02
1.126080097337128763e+02
1.133159512797325590e+02
1.138467930327381197e+02
1.141066824440671184e+02
1.145564651092658295e+02
1.148361173165742457e+02
1.150794087590187331e+02
1.150781088370584797e+02
1.150367182442047209e+02
1.156026360585643005e+02
1.159249882874072171e+02
1.159390998858994379e+02
1.158845824601912398e+02
1.156902117158867327e+02
1.151863486339245384e+02
1.149494070498159033e+02
1.150195842372880577e+02
1.149977424031476829e+02
1.153012761706159353e+02
1.155599645607548212e+02
1.159480970263707604e+02
1.162957253296434317e+02
1.166087327234273232e+02
1.168283034253753101e+02
1.167221276398055210e+02
1.167098717498675455e+02
1.168993944932667262e+02
1.169437329159119230e+02
1.170086487272316020e+02
1.169795763711741188e+02
1.171659706339541316e+02
1.173035825013729578e+02
1.173391326526136993e+02
1.173784682360808489e+02
1.173798482780158849e+02
1.173661338401843182e+02
1.174143953762677910e+02
1.174703059388553470e+02
1.174771655632045082e+02
1.174589692991131926e+02
1.175028065404439133e+02
1.175268056789382598e+02
1.175419809760908265e+02
1.176049418501335566e+02
1.176483362337130956e+02
1.176539084161377247e+02
1.176876634762985105e+02
1.176671154131332173e+02
1.176930299556292425e+02
1.177584304205840624e+02
1.177851087042413809e+02
1.178000525995174854e+02
1.178433318747585048e+02
1.178969610750143460e+02
1.179625337727248393e+02
1.180321807596917552e+02
1.180736767424647127e+02
1.181328169005782200e+02
1.181501671800674984e+02
1.181306837340065385e+02
1.181362360040170500e+02
1.181638447029734778e+02
1.181881540507761059e+02
1.182077344889931680e+02
1.182052146816884743e+02
1.182127469971420055e+02
1.182209161808415274e+02
1.181927690712861079e+02
1.181779301776490456e+02
1.182096581838352165e+02
1.182081668360106477e+02
1.181971638268545064e+02
1.181955482014514160e+02
1.181617037115180295e+02
1.181551511308290401e+02
1.181829912053109410e+02
1.181514996382418872e+02
1.180507297482559466e+02
1.179501741932916872e+02
1.178570303623639290e+02
1.176569404196870465e+02
1.172985664648131632e+02
1.166943934784141987e+02
1.157802756573881879e+02
1.143062819007915181e+02
1.117958505853688536e+02
1.079840600233279133e+02
1.027165959410376672e+02
9.618838874878349543e+01
8.868405254457226761e+01
8.047306717302922152e+01
7.250364423776375133e+01
6.547569665109909920e+01
5.941679055530158138e+01
5.446911072611138138e+01
4.648828024538437376e+01
3.745109534485145986e+01
3.215380759094884411e+01
2.746666345679433618e+01
2.398219721964871809e+01
2.173710317951279691e+01
2.056858298257529327e+01
2.044989953006545846e+01
2.095489309433397906e+01
2.150307273850237877e+01
2.189850133698003987e+01
2.313785632533931036e+01
2.541010457338182960e+01
2.843309287809819352e+01
3.256910200187822113e+01
3.955078723631590520e+01
4.636073222212085199e+01
5.007931535163155701e+01
5.383890135518725373e+01
5.770487633795134741e+01
6.196435353139319346e+01
6.643693132096039733e+01
7.059522302086459433e+01
7.471470654024089697e+01
7.918955875050231441e+01
8.351980448276756874e+01
8.571840839039477089e+01
8.613969967916959547e+01
8.573847039589030317e+01
8.488971607508563011e+01
8.457704422761327123e+01
8.475547031725974989e+01
8.540399331330441157e+01
8.573589766601129725e+01
8.562142139264614116e+01
8.511684966714334166e+01
8.476498587711121502e+01
8.450964961728165292e+01
8.445710074710707715e+01
8.467850153925938628e+01
8.492831446411261709e+01
8.538500611508254678e+01
8.586231301861005250e+01
8.615329844532759296e+01
8.651426913766486848e+01
8.685086718450561705e+01
8.719373652350994064e+01
8.752796660825825370e+01
8.773930682900017075e+01
8.791012220509436759e+01
8.780785618334671483e+01
8.776338919502039460e+01
8.786199800220968825e+01
8.793727691170644789e+01
8.803335604784298596e+01
8.816639961573895334e+01
8.831006465250180781e+01
8.858577952086162099e+01
8.893292698737154467e+01
8.906300388800573842e+01
8.933746688194418084e+01
8.964259861297159659e+01
8.989875010395037691e+01
9.022978221159848999e+01
9.048464388276457271e+01
9.071160742606809890e+01
9.113956947065804570e+01
9.146919487373095592e+01
9.163261309500106222e+01
9.195270725869974626e+01
9.219989782350825180e+01
9.243768270748316240e+01
9.260287256379895382e+01
9.283075694250698007e+01
9.306593636410340764e+01
9.314450167959402904e+01
9.341473760502137225e+01
9.359609954278427324e+01
9.357963933374833232e+01
9.359961234996637813e+01
9.354955918918209079e+01
9.349090263201328810e+01
9.365467825252673606e+01
9.388311688260814947e+01
9.401999659860685199e+01
9.410486524561315491e+01
9.437949204881257970e+01
9.478694615961008196e+01
9.529226432275858372e+01
9.580212644447873060e+01
9.603369486581213721e+01
9.628891909585371423e+01
9.659726866819111990e+01
9.673996439319053309e+01
9.694782431004460932e+01
9.709799645213124109e+01
9.707701095987417261e+01
9.713227147187218691e+01
9.728889606559083347e+01
9.732577121578262336e+01
9.733264810201829675e+01
9.748250959986818032e+01
9.768321089877139229e+01
9.782997752175327832e+01
9.792064961559060521e+01
9.802961464771739486e+01
9.811684943754532640e+01
9.818167522982631112e+01
9.835607455081077433e+01
9.848851317005298256e+01
9.840706885002177273e+01
9.826905428974399115e+01
9.843184340293902324e+01
9.872424347711293535e+01
9.889430013616195936e+01
9.902996638805333873e+01
9.903699745564838963e+01
9.911878794398393211e+01
9.934403206403025877e+01
9.945707237726348637e+01
9.958874966669297635e+01
9.969192526825433731e+01
9.964465639629247562e+01
9.960920637070957184e+01
9.979550441063291544e+01
1.000724429774529227e+02
1.003513317713667021e+02
1.007413726882347902e+02
1.012144485367832800e+02
1.017943697978419380e+02
1.024000000991101587e+02
1.029823625950782997e+02
1.035790875478021889e+02
1.041854137401482632e+02
1.047897509171310162e+02
1.053283816191962785e+02
1.059366269025444751e+02
1.065578166119801438e+02
1.072932309494871106e+02
1.081993417869546334e+02
1.089957778616449815e+02
1.096736405730555362e+02
1.103785922778748727e+02
1.111227936990164267e+02
1.116808682926865686e+02
1.121944166847043789e+02
1.127349417089499184e+02
1.132704651615087528e+02
1.137099158127403342e+02
1.141124561902329333e+02
1.145747025075304180e+02
1.148695015895908682e+02
1.151382694054754978e+02
1.154553662487544159e+02
1.155204386438122981e+02
1.154061725102053231e+02
1.154706080954670568e+02
1.155721501169823853e+02
1.156226379387745737e+02
1.158749593230325701e+02
1.162080472640077318e+02
1.162946215977331406e+02
1.162464807877284869e+02
1.162676373093344324e+02
1.162223128794815210e+02
1.161626428181529889e+02
1.160637453862876214e+02
1.160398394007836202e+02
1.160868596806693063e+02
1.162220178645225559e+02
1.163503389935124375e+02
1.163431848282196768e+02
1.163589328206699491e+02
1.164063834846012213e+02
1.163962138092760057e+02
1.164132966223029513e+02
1.164547866313897941e+02
1.164599585621775191e+02
1.164719352555172236e+02
1.164966959077932671e+02
1.165513651088953964e+02
1.166226790744417627e+02
1.166521980479555793e+02
1.166752775187513151e+02
1.167146560572913074e+02
1.167791956645192073e+02
1.167991763710882793e+02
1.168183632765199320e+02
1.168491609377203702e+02
1.168347077908614153e+02
1.168784871984503155e+02
1.169543012681403695e+02
1.169732478417559207e+02
1.170417962905449940e+02
1.171056300667065244e+02
1.171655920108934907e+02
1.172136074978592859e+02
1.171799083148684986e+02
1.171645611446391939e+02
1.171290126760204942e+02
1.171377343833010229e+02
1.171770675427074195e+02
1.172076371181435945e+02
1.172246095114659141e+02
1.172468012035696177e+02
1.173050928505202251e+02
1.174346083779553709e+02
1.175733775368235143e+02
1.176171648309198901e+02
1.176194100975428398e+02
1.176180519874132528e+02
1.175588776960547648e+02
1.174503344780030005e+02
1.173411640608860722e+02
1.172380090174390261e+02
1.169993893023455342e+02
1.166708040441112217e+02
1.162010009314386281e+02
1.151903224109699408e+02
1.134521702081175789e+02
1.108853198747465285e+02
1.073219480710992855e+02
1.029060114100045382e+02
9.787927781314735398e+01
9.200302525022034672e+01
8.540010846736326755e+01
7.829021286358157283e+01
7.159254286784846499e+01
6.491681248198081278e+01
5.792148749994009194e+01
5.176292302263707512e+01
4.292870286823607273e+01
3.535104716854758067e+01
3.099198794636083676e+01
2.731322455451751097e+01
2.440247553045891138e+01
2.189797913250125561e+01
2.000685242408647113e+01
1.902335435004934183e+01
1.898713881386110458e+01
1.942630660522477015e+01
2.022600275524244395e+01
2.162340551734272509e+01
2.359819452441303866e+01
2.581427545418701541e+01
2.841808336340870511e+01
3.196877102713756358e+01
3.962878063397714357e+01
4.609271286638106346e+01
4.960085543127621577e+01
5.309422417025650986e+01
5.663842379118649006e+01
6.032506618839433088e+01
6.440909988557430665e+01
6.882803721979675515e+01
7.317977847974317740e+01
7.736070893476895094e+01
8.131810896091946006e+01
8.532312861086384714e+01
8.875642653450140074e+01
9.064062175225132023e+01
9.097604949861506896e+01
8.993369836855438848e+01
8.900561651367704030e+01
8.866847362774345243e+01
8.833193107522399146e+01
8.789956308008655128e+01
8.752759257304744267e+01
8.743613554255234988e+01
8.757235167539090526e+01
8.773184741643783013e+01
8.793579337408519336e+01
8.846005963015858242e+01
8.898096097243228542e+01
8.963570828905656640e+01
9.025516517071906719e+01
9.066009098964885027e+01
9.117276208874669408e+01
9.179921871919175658e+01
9.212529891682868310e+01
9.236526157498413170e+01
9.280032566909684988e+01
9.315541347432014163e+01
9.326673295567228195e+01
9.333890194872275003e+01
9.347419067788588620e+01
9.348781392199691709e+01
9.351151011332213159e+01
9.360801412012324363e+01
9.358046566405442945e+01
9.371094230067001263e+01
9.387524852649210061e+01
9.379034253335495919e+01
9.377103819908818139e+01
9.383885047296044490e+01
9.396450046693097136e+01
9.414193996005961651e+01
9.436635131184179670e+01
9.462991606339043926e+01
9.474605996719361656e+01
9.491915491624557433e+01
9.496875928460207206e+01
9.508143263934239542e+01
9.532761096170112580e+01
9.567700485942066280e+01
9.609798050932329261e+01
9.642693488605631558e+01
9.670743413909168851e+01
9.689276001692306295e+01
9.711814345683951899e+01
9.741553258052465480e+01
9.751381174947320574e+01
9.764737013258282161e+01
9.772771874668980274e+01
9.775485845238479499e+01
9.770192215949974468e+01
9.763083248810802672e+01
9.751233161228836366e+01
9.741414979195062074e+01
9.742244444421102401e+01
9.731442549055316249e+01
9.737083953323418939e+01
9.744006134833236388e+01
9.733857266372197614e+01
9.740239982752684966e+01
9.739225241488750839e+01
9.724813421219862164e+01
9.732717184776879549e+01
9.745311161421149393e+01
9.745610094604130325e+01
9.757633093917206679e+01
9.770190445352469055e+01
9.766576621521814161e+01
9.768374747507668587e+01
9.771405120941749090e+01
9.772013673412169510e+01
9.757476108523992764e+01
9.736728199623941293e+01
9.738472395860405584e+01
9.751069336613502969e+01
9.770066280085057997e+01
9.794371597934009799e+01
9.799390967329659929e+01
9.832911580501563265e+01
9.875547353334665956e+01
9.894524750634305121e+01
9.906717987997888031e+01
9.918658516172020256e+01
9.939621853161136755e+01
9.960683197823067303e+01
9.975445589649474698e+01
9.995492355327631628e+01
1.002167446310877494e+02
1.004441916570170150e+02
1.004896509244956633e+02
1.006103057315647646e+02
1.007147098830216407e+02
1.008328439613800356e+02
1.008884677436725923e+02
1.009965476143129308e+02
1.012940573714715953e+02
1.017232895209579908e+02
1.022361266869562400e+02
1.027980377338308529e+02
1.034206909334610458e+02
1.040976118592639210e+02
1.048506217556661682e+02
1.055436256994259026e+02
1.061650498916788763e+02
1.066873724158908487e+02
1.071195311008038686e+02
1.075019605149925042e+02
1.077671036019923179e+02
1.080693359279055414e+02
1.085666272940486579e+02
1.091031942587213734e+02
1.095872632593444962e+02
1.101724336541656584e+02
1.107453878013287749e+02
1.113398978624603615e+02
1.118567027570707637e+02
1.123766841959834863e+02
1.129949001874296641e+02
1.132657513117400470e+02
1.136133673514698330e+02
1.139896017894589875e+02
1.143542151389993933e+02
1.144770995578308117e+02
1.144161169452621891e+02
1.143587978811840742e+02
1.143425097828841643e+02
1.145787575688453614e+02
1.147481431796840212e+02
1.148720320739114413e+02
1.149760461701758913e+02
1.150495794632370661e+02
1.151159189083733594e+02
1.151388167991032674e+02
1.151445859650801253e+02
1.150823836658175878e+02
1.149764388907580610e+02
1.147432563914294406e+02
1.145438918814193556e+02
1.143487455013050891e+02
1.142647989127900843e+02
1.142679155102792095e+02
1.142447699096026383e+02
1.143113396387800407e+02
1.144315396013287369e+02
1.145781765292733780e+02
1.147136491713611406e+02
1.148119150279091656e+02
1.148212039120082295e+02
1.148352359132157119e+02
1.148409657988303110e+02
1.148126295289409455e+02
1.148075568046528616e+02
1.149036011109168243e+02
1.150343893965800390e+02
1.150976124269606373e+02
1.152189564277333176e+02
1.152794183164390205e+02
1.153740001409811100e+02
1.154791968337403603e+02
1.156027110256806054e+02
1.156364020991658208e+02
1.156979361535748296e+02
1.158511261354416035e+02
1.159768704896559086e+02
1.160798855259991171e+02
1.162280641728412860e+02
1.163234096323071611e+02
1.163812397717665590e+02
1.164771232793738989e+02
1.164945765830798763e+02
1.164804076810347055e+02
1.164942772375031126e+02
1.164718383757758886e+02
1.164244613240547181e+02
1.162646716376736720e+02
1.158535499538824496e+02
1.150582076052038616e+02
1.136838815519143253e+02
1.113391594839239929e+02
1.073086502017770556e+02
1.013985795748589567e+02
9.338906666607589102e+01
8.407459574271881309e+01
7.445275824141766918e+01
6.586801654040655762e+01
5.860134955675606960e+01
4.815351393474166741e+01
3.973203245440664233e+01
3.412545876145881607e+01
2.932098112902215803e+01
2.572796868421644589e+01
2.282658534276103524e+01
2.084882275979781951e+01
2.041070744703527851e+01
2.061894001214419703e+01
2.096467702283820245e+01
2.148163996332160863e+01
2.202956000781890822e+01
2.364600523232704177e+01
2.492853215891977570e+01
2.674439536255814787e+01
3.033683582745635832e+01
3.879228072411166295e+01
4.504454056657903749e+01
4.966345773274096587e+01
5.444432680998642127e+01
5.894686757705292024e+01
6.377694086670408780e+01
6.929862440111801902e+01
7.519466316118480620e+01
8.093910283026806951e+01
8.606119241456798363e+01
8.977495186141867123e+01
9.110583154689599894e+01
9.062079129639680275e+01
8.832489951924870297e+01
8.656877879339515403e+01
8.641078918564654998e+01
8.662296230842591171e+01
8.620349771215859391e+01
8.532366719766331187e+01
8.440574817680733588e+01
8.355900684473189699e+01
8.338626109998972424e+01
8.375502087625170589e+01
8.425899474228978647e+01
8.476848256126667991e+01
8.547973134397508943e+01
8.616292132315865615e+01
8.680644200880061589e+01
8.744711754505324564e+01
8.809984928136367444e+01
8.861831127825986698e+01
8.899994261017748443e+01
8.932794674927335166e+01
8.956556884561706511e+01
8.976801486766548521e+01
8.987329105258511674e+01
9.005147581808473944e+01
9.029396916370980364e+01
9.051997981966779605e+01
9.062605405369590983e+01
9.065753463531981993e+01
9.062459748931290449e+01
9.073191988010115949e+01
9.090736944280737930e+01
9.101030139424310050e+01
9.103234923678503776e+01
9.101038482073811053e+01
9.107672848982525693e+01
9.107834107073099972e+01
9.110100678168406318e+01
9.090723696259833275e+01
9.078638580295042004e+01
9.067389416057500284e+01
9.056994034270657323e+01
9.058621810414877018e+01
9.058716881380387065e+01
9.050807767768903034e+01
9.038807998496980645e+01
9.051092231301515767e+01
9.062275310597578937e+01
9.088306630754675552e+01
9.130996179384315781e+01
9.156047929958249654e+01
9.178375004325108932e+01
9.211826083845429025e+01
9.244923467581482157e+01
9.291964547194291413e+01
9.326211697575203630e+01
9.345487630746728769e+01
9.352913960237114566e+01
9.354717950140910432e+01
9.344924735711784081e+01
9.342678856608414151e+01
9.346151179710631141e+01
9.333849488548251827e+01
9.324297412276798980e+01
9.308145113197889486e+01
9.313496038393927279e+01
9.312446369713791228e+01
9.313328401644021426e+01
9.319162303333672526e+01
9.326257274922875240e+01
9.331656965288456718e+01
9.330046684839814475e+01
9.328951079077033626e+01
9.321187474599851441e+01
9.311059110152643825e+01
9.310914902672867299e+01
9.313213047829499658e+01
9.314717745608204780e+01
9.301037882284248326e+01
9.304719164936201992e+01
9.294109698185003765e+01
9.305981531650076022e+01
9.300911605790010128e+01
9.305928223004232791e+01
9.284435327108070624e+01
9.290277524096464390e+01
9.307943877054744064e+01
9.311031228596267795e+01
9.337135473597085422e+01
9.340164311376295814e+01
9.356635677676787566e+01
9.375637134756580338e+01
9.381395321577396373e+01
9.384181354274630849e+01
9.388775277033734312e+01
9.401939201081161457e+01
9.420668842661628162e+01
9.435274473771328019e+01
9.456835014060706612e+01
9.471359305228867242e+01
9.464291650627802710e+01
9.480230672631113009e+01
9.472470368770424898e+01
9.477217051902528056e+01
9.469613418684299688e+01
9.485598129019167857e+01
9.500085361539785822e+01
9.511974065531322253e+01
9.547970247704377300e+01
9.577146923114048604e+01
9.604633527341459853e+01
9.640003409189050387e+01
9.681886237459332278e+01
9.729633988730466854e+01
9.767962039246495465e+01
9.798745090767191357e+01
9.830992812360555888e+01
9.872728913484793623e+01
9.909121490114890207e+01
9.944339002705528685e+01
9.974108190928802742e+01
1.000880571421896690e+02
1.004055515666531164e+02
1.006400629990518496e+02
1.008260065757870620e+02
1.011480312353791220e+02
1.013944763455173046e+02
1.015625320993761846e+02
1.017659272549687586e+02
1.020204539285207943e+02
1.021954294845736229e+02
1.023827876708803757e+02
1.025715626928153341e+02
1.028541221690352643e+02
1.029310653686053314e+02
1.031088697645172658e+02
1.033648891388310034e+02
1.035026956671215004e+02
1.036300000001828465e+02
1.037833582501732508e+02
1.039914469838946189e+02
1.040494847175193058e+02
1.041054166860002397e+02
1.042487375008295629e+02
1.043480893975013544e+02
1.044851873707448817e+02
1.046375117158201391e+02
1.047578110529035911e+02
1.048615970335171141e+02
1.049902082828912171e+02
1.051971827123746266e+02
1.053021918111768684e+02
1.055207891632606447e+02
1.055819085236480390e+02
1.057505674929786892e+02
1.058993434204224258e+02
1.061782900292232767e+02
1.064669226614044675e+02
1.067082307932275427e+02
1.069678293068100317e+02
1.072265264476128550e+02
1.074447273815565183e+02
1.074636222898226663e+02
1.077761254415858474e+02
1.080626816784865412e+02
1.083149913556845405e+02
1.085446204943850859e+02
1.089337411311516206e+02
1.092749363486279890e+02
1.096012653394599994e+02
1.099220803291277804e+02
1.103275866395955660e+02
1.106257328017668016e+02
1.109705104078293800e+02
1.112520128206580239e+02
1.116536725059822572e+02
1.120627554844396911e+02
1.124655015665500599e+02
1.126921489482596286e+02
1.130576494059243657e+02
1.134764502527414436e+02
1.137704951706480756e+02
1.141488816463474478e+02
1.143464707611406936e+02
1.144353834217182282e+02
1.147342017079881629e+02
1.150378295435615570e+02
1.152606489053052030e+02
1.154451434270775110e+02
1.155191459980653264e+02
1.154322859675937565e+02
1.153143647524811115e+02
1.151393490154490991e+02
1.146787400843216886e+02
1.138017651502722742e+02
1.120845335578199382e+02
1.089432411931984319e+02
1.039625156232967811e+02
9.657788962893040718e+01
8.820237492531276757e+01
7.993796877889430164e+01
7.158057245236003041e+01
6.357116190086363616e+01
5.228999887602306273e+01
4.491867200968427198e+01
3.926465361762046768e+01
3.384421462013750670e+01
2.820705071157461674e+01
2.292176600004964371e+01
1.910040456929724684e+01
1.765349799239782769e+01
1.766704619631541817e+01
1.863396515328755854e+01
1.951204709463699416e+01
2.026656331022389068e+01
2.201059741807732095e+01
2.441785233234479691e+01
2.796882875122607004e+01
3.811719680635294338e+01
4.483053447285541893e+01
5.062857916332334440e+01
5.626538523042228235e+01
6.134979016262866480e+01
6.663724324108635244e+01
7.215563474768271135e+01
7.675806514572235528e+01
8.042465768109657631e+01
8.464683594839752345e+01
8.730897217025056989e+01
8.887970433680392546e+01
8.733951628307274007e+01
8.529145316763882079e+01
8.439756803253021644e+01
8.425062640780132028e+01
8.401622049731051334e+01
8.356132400499488710e+01
8.317942619427640238e+01
8.302576919970074698e+01
8.316609286073402529e+01
8.367752672705286443e+01
8.417904187037258623e+01
8.472759313704996487e+01
8.521940721533887597e+01
8.596965901985007008e+01
8.685450294189301701e+01
8.764034960497255611e+01
8.799605113201043594e+01
8.827899626831077740e+01
8.869988517752612722e+01
8.887794746302166971e+01
8.914168951751436509e+01
8.944906187246148477e+01
8.962154515632781226e+01
8.966443420877781989e+01
8.971365487689543272e+01
8.964323124151631816e+01
8.960580402604192329e+01
8.978393955448909480e+01
8.964600362260507893e+01
8.983194301375378643e+01
8.973274429711035793e+01
8.995070888888355398e+01
9.012846367362102740e+01
9.018018441988759548e+01
9.045292752690495774e+01
9.053241155330175616e+01
9.052011710334159034e+01
9.075874024877150248e+01
9.071653757447120370e+01
9.089562227510812420e+01
9.115729108409908577e+01
9.118656599212641822e+01
9.145732443511171539e+01
9.168830952920501431e+01
9.199657120207955074e+01
9.204685706881606677e+01
9.218786107994196755e+01
9.261506912930988733e+01
9.293736077858510214e+01
9.307530920474570735e+01
9.316293705973896522e+01
9.356647753806399237e+01
9.390649228876161203e+01
9.424654135226299445e+01
9.444023886312503180e+01
9.464284301291276336e+01
9.474107510949087896e+01
9.492910995412165676e+01
9.512325366144530392e+01
9.516242827442694363e+01
9.512782106686580619e+01
9.521148846566211432e+01
9.517414674938994779e+01
9.548747087025695635e+01
9.532665695220399016e+01
9.539175647362246480e+01
9.561481168732875346e+01
9.548136558932863238e+01
9.552957935365449771e+01
9.546209606137452397e+01
9.553579194371360472e+01
9.553539899436219685e+01
9.565969323173196415e+01
9.555521350385075152e+01
9.568584300677913745e+01
9.563256886351283015e+01
9.568039527367822927e+01
9.559579076862529234e+01
9.572248598441122169e+01
9.562882542698910981e+01
9.579350034955112392e+01
9.578765503506055268e+01
9.564396259753470986e+01
9.565695860584436616e+01
9.579965921877193580e+01
9.604327309660567380e+01
9.607794253939850648e+01
9.620594488406730704e+01
9.643322515130577699e+01
9.641245083417926764e+01
9.663407564204911182e+01
9.674170826980827087e+01
9.680111138683275840e+01
9.703757508932521603e+01
9.699344857114816421e+01
9.710004989674628462e+01
9.711667915553962871e+01
9.707445729588530980e+01
9.705833160362138301e+01
9.712615019536855243e+01
9.700989013764906588e+01
9.713613758786404162e+01
9.739241277148124709e+01
9.766204028465662645e+01
9.795407514619138567e+01
9.819774919342344788e+01
9.861862753638158097e+01
9.910831738336052865e+01
9.964473532873482498e+01
1.000722186118487826e+02
1.005957877056150807e+02
1.008483610238429549e+02
1.014032901491502088e+02
1.018385018557274009e+02
1.020574312809583404e+02
1.023737985451106169e+02
1.024545187297051569e+02
1.025964264012637841e+02
1.026786537298588229e+02
1.029484415407751641e+02
1.031783424253507633e+02
1.034451906521056372e+02
1.039567495546106386e+02
1.044509238033077594e+02
1.046937423118311443e+02
1.051362118906014729e+02
1.053890920764521866e+02
1.057210137353497146e+02
1.060758728714240533e+02
1.064415402594316191e+02
1.067774678880389416e+02
1.070624940906315175e+02
1.073911821320413935e+02
1.077320112789044515e+02
1.080918594782752820e+02
1.084586371428784872e+02
1.087184121977266784e+02
1.091380646620329458e+02
1.094756089394545882e+02
1.097653472731522442e+02
1.098699509589409757e+02
1.100137641645051190e+02
1.100463083230887378e+02
1.102352361043810305e+02
1.104323012329627005e+02
1.108246927849071568e+02
1.111204867994877787e+02
1.114400013403080578e+02
1.116275259947806973e+02
1.118414316868634302e+02
1.121288090635227661e+02
1.123913388165323397e+02
1.126881610934313045e+02
1.129880972016663350e+02
1.132153413644320352e+02
1.134387171934896514e+02
1.136665778022122311e+02
1.140133006088285867e+02
1.141890952411766733e+02
1.145185516438108095e+02
1.146712637118039169e+02
1.147447980994466121e+02
1.147868193196927820e+02
1.148812711052327273e+02
1.150402436965082273e+02
1.151589216427942688e+02
1.151587954377698537e+02
1.152580810688230173e+02
1.154089500394496497e+02
1.154464733847746487e+02
1.156688918323935980e+02
1.159175448644912905e+02
1.162228855404070202e+02
1.161763631183446535e+02
1.161793048392608085e+02
1.161294972593214965e+02
1.159624790292256762e+02
1.157735534595354778e+02
1.156515779375741886e+02
1.157720568359499680e+02
1.157815307189883924e+02
1.158794981405600026e+02
1.159391628311439888e+02
1.160705400012683413e+02
1.160597584304183698e+02
1.160962542263743273e+02
1.161031338318948656e+02
1.160266018072435088e+02
1.160842218485970960e+02
1.160809437894797753e+02
1.160960648945767701e+02
1.161592428512305446e+02
1.161372174188632869e+02
1.162259700536898492e+02
1.163074043469651002e+02
1.162793673873561602e+02
1.163158336723137722e+02
1.164201350024646047e+02
1.164829982111180726e+02
1.165573794353402803e+02
1.166139442831586734e+02
1.166230127133607368e+02
1.167218016105660041e+02
1.167015195509260934e+02
1.167411323504527445e+02
1.167466023997060915e+02
1.167595878077215019e+02
1.167674212264899012e+02
1.168108995166986546e+02
1.167414141105512471e+02
1.167285921983162211e+02
1.165949249577169269e+02
1.164204155011530446e+02
1.160916631167756776e+02
1.151510023203876898e+02
1.132032793129117039e+02
1.094444588993053458e+02
1.030523858859743882e+02
9.515661075630708865e+01
8.648612218262483964e+01
7.844689768605221047e+01
7.050190106797575140e+01
6.323443905317331115e+01
5.141365618932611881e+01
4.332985521144131269e+01
3.573751743379122559e+01
2.903536210268928031e+01
2.366002108055527486e+01
1.993295664633275166e+01
1.758913540079878501e+01
1.664399810993531759e+01
1.600557297789443112e+01
1.554432015278896095e+01
1.681786603884960840e+01
1.689938239556633803e+01
1.735770539036008131e+01
2.012294754817084552e+01
2.523091937920419525e+01
3.164290048907571062e+01
4.284942192659006821e+01
5.029204325755063110e+01
5.724086666524058842e+01
6.456470567713947162e+01
7.105303293937360820e+01
7.679481544693838657e+01
8.266068357142968637e+01
8.753630229688802444e+01
8.847800228302601511e+01
8.675823358540050378e+01
8.432682008014232622e+01
8.395216369616213115e+01
8.455351133797533691e+01
8.501323762685424867e+01
8.481267203458035908e+01
8.449395509053466924e+01
8.441153731504424229e+01
8.414612329209751351e+01
8.448318915372195193e+01
8.497855840800970384e+01
8.563343580031060753e+01
8.628692133073182902e+01
8.671584722266703693e+01
8.697972046042877992e+01
8.716295896716358982e+01
8.735764271513090762e+01
8.756858760515783047e+01
8.755873568720859623e+01
8.766865155233607254e+01
8.744352621198943609e+01
8.714643889779745223e+01
8.683755475028924309e+01
8.654934574795792912e+01
8.622441289886972982e+01
8.593033344076251012e+01
8.555963346193760799e+01
8.516501178901093283e+01
8.483433817861900650e+01
8.461361066987916502e+01
8.410061220052402575e+01
8.403416401811409742e+01
8.391478396470365908e+01
8.380484057928282482e+01
8.369676486656865677e+01
8.367671969130219622e+01
8.359884691772600718e+01
8.367192051339161196e+01
8.353275797248821277e+01
8.375241149790933548e+01
8.360221483694337508e+01
8.366541570251834514e+01
8.365715136270722496e+01
8.352481654913228226e+01
8.347812285012213351e+01
8.338989346603848674e+01
8.326550552894615009e+01
8.298022283519907205e+01
8.263349735547706132e+01
8.252982079211280109e+01
8.221715489638141605e+01
8.221814565060874713e+01
8.189654056203538346e+01
8.208287064018419699e+01
8.190824399017373025e+01
8.193348710700956872e+01
8.189925176827946984e+01
8.217248083188464136e+01
8.210453503142935006e+01
8.241188405181502219e+01
8.245076887098426255e+01
8.263906552791046067e+01
8.285290556225072578e+01
8.307222144264493124e+01
8.315886687833955193e+01
8.357706767241964485e+01
8.383656847848186544e+01
8.417975884586189750e+01
8.444353628478341989e+01
8.444692963215682369e+01
8.492956964545584242e+01
8.523848347854000451e+01
8.541841215575026069e+01
8.574713441111646262e+01
8.622272172543225111e+01
8.633473337170640605e+01
8.674711969235706022e+01
8.699088628505941756e+01
8.728168759841382496e+01
8.769336481504527114e+01
8.819251816188204884e+01
8.849763062277251890e+01
8.879670892709768282e+01
8.918978419300596272e+01
8.964202340069681441e+01
9.007856713691255379e+01
9.015919842484696289e+01
9.036455562904497185e+01
9.078640593517887680e+01
9.123136913093888722e+01
9.134638417213515993e+01
9.193184319283032835e+01
9.238254675267403115e+01
9.282304995315226392e+01
9.313520433248048391e+01
9.348919327944139468e+01
9.385831045245319615e+01
9.414998698381820930e+01
9.473235321847964485e+01
9.495761389837390709e+01
9.526116039169363603e+01
9.572549053486079629e+01
9.622834811652698761e+01
9.650319868108738319e+01
9.683554191230312824e+01
9.724249902756986330e+01
9.774918453539012830e+01
9.805592546273538801e+01
9.848204903327338400e+01
9.884746037860286094e+01
9.925356932915596531e+01
9.942894891764971987e+01
9.974774748757256759e+01
9.999019326277773700e+01
1.002311830829853392e+02
1.004338418276932856e+02
1.007482385181792779e+02
1.009150084841918869e+02
1.011330581282980887e+02
1.013738983585658531e+02
1.015775869064729164e+02
1.018497505082433179e+02
1.021870281475628275e+02
1.025850238864219506e+02
1.029024771031896393e+02
1.029919101841482671e+02
1.031879679606598756e+02
1.034248609532118053e+02
1.035854124560808458e+02
1.037648223971969088e+02
1.040080470266472616e+02
1.043954626018416292e+02
1.046496063682661060e+02
1.049106458051348056e+02
1.052724074260591891e+02
1.057039962199789329e+02
1.062382157226901569e+02
1.068130000270835751e+02
1.074044295288218791e+02
1.080940026749907901e+02
1.085074285334111295e+02
1.094710708680894413e+02
1.101794676998575966e+02
1.116692387908342852e+02
1.129761139917140866e+02
1.145506199397935205e+02
1.161930643788561497e+02
1.171114795079713389e+02
1.177905891556143132e+02
1.182835856179889049e+02
1.192315006383484786e+02
1.202565845456413740e+02
1.213505963664886593e+02
1.215686541048433753e+02
1.215671438666199009e+02
1.214160908955654037e+02
1.210913619250832198e+02
1.207178332063877235e+02
1.204300772771649406e+02
1.200930378155971283e+02
1.197390459350767884e+02
1.194718321996886488e+02
1.191649370660999097e+02
1.190258424897592704e+02
1.190159102164145111e+02
1.190535421344246743e+02
1.191416080399933293e+02
1.190663716843803712e+02
1.190168466341547315e+02
1.188352439607558182e+02
1.186543134076412827e+02
1.186233322895987641e+02
1.185343641509860930e+02
1.186109727567389314e+02
1.187662697163939356e+02
1.187341552123809691e+02
1.188588987327879778e+02
1.188770781121631330e+02
1.188841213762793529e+02
1.188884708605260840e+02
1.183596739938979852e+02
1.187930368094425262e+02
1.188297977506980914e+02
1.182093030672285607e+02
1.186791530720308714e+02
1.186357378753392453e+02
1.181273447114414807e+02
1.186018666045487464e+02
1.186128360465182396e+02
1.180700427891754885e+02
1.184790572024710826e+02
1.186995714160988626e+02
1.184736213804762457e+02
1.191014565150591125e+02
1.194345757934431020e+02
1.194392303317460318e+02
1.193609653670754227e+02
1.194005748260195787e+02
1.194074657733532234e+02
1.194130455227827667e+02
1.195382120169611682e+02
1.195504507739281195e+02
1.195352916500195448e+02
1.194976676511647753e+02
1.194999588679683740e+02
1.194714307528226982e+02
1.194233853450221829e+02
1.194997833979242898e+02
1.195188502345367851e+02
1.195279920891002092e+02
1.195146655716787762e+02
1.195291709572524894e+02
1.196673110521462604e+02
1.196820569882204097e+02
1.196572894069736890e+02
1.196120827645567317e+02
1.195631703507398953e+02
1.195381746552004074e+02
1.195279699335531518e+02
1.195262955988394822e+02
1.194660074382275070e+02
1.196136682146088503e+02
1.195347705833560354e+02
1.193593074465613313e+02
1.188670697166884338e+02
1.178943330886708054e+02
1.159905800034326830e+02
1.132119126601877781e+02
1.096325689926765250e+02
1.046574177153842413e+02
9.821976072387454337e+01
9.021742258217530264e+01
8.192939215002766673e+01
7.376446899662666112e+01
6.625313464035031075e+01
5.957129412289680204e+01
4.771407088248751194e+01
4.073875579201933306e+01
3.433669187083562946e+01
2.864363498820326015e+01
2.434476893076468684e+01
2.192990192039331276e+01
2.109743994604826156e+01
2.144037407642213822e+01
2.287474009201693903e+01
2.496626699367622848e+01
2.768213321411088401e+01
3.180241855793340733e+01
4.312620926047759440e+01
4.780674622913850413e+01
5.297522935087508245e+01
5.855139135180234433e+01
6.397654651804415238e+01
6.992901883683357767e+01
7.571266504180358936e+01
8.057813521149344638e+01
8.448771447341113117e+01
8.643671625379857915e+01
8.778390898611033322e+01
8.741557091618926734e+01
8.549720057219900582e+01
8.482440245873262086e+01
8.479244711473563711e+01
8.470234047640646224e+01
8.454052028915009487e+01
8.414777263550116970e+01
8.377192450010294067e+01
8.391825950569352699e+01
8.391936556326686514e+01
8.432076649151886727e+01
8.452960931463944405e+01
8.494465868770465988e+01
8.524818821845238404e+01
8.533869933335542157e+01
8.571785164791643297e+01
8.526979412109733403e+01
8.581973566170843526e+01
8.558759113747974823e+01
8.578778769240693691e+01
8.583075775401358953e+01
8.593435312375503088e+01
8.546516495163830029e+01
8.573299521871247464e+01
8.548374468438562701e+01
8.533883265141051311e+01
8.544299644955194140e+01
8.520028871764759515e+01
8.557194206424657068e+01
8.535223425837995137e+01
8.543700498237781460e+01
8.547302787430348303e+01
8.551307924471838362e+01
8.569499247722464474e+01
8.551186626183228157e+01
8.584043966924886604e+01
8.562474954503709057e+01
8.576823262274145065e+01
8.612655874287636948e+01
8.596073504092355222e+01
8.616479843867678312e+01
8.631665878487619636e+01
8.633215353083720345e+01
8.652003417801343232e+01
8.653561282467222782e+01
8.672470711188931602e+01
8.688184892623847588e+01
8.701248018233849280e+01
8.750496370647960021e+01
8.755017534947005231e+01
8.778191867959344563e+01
8.838164064581107482e+01
8.832481030875625549e+01
8.867009858577834791e+01
8.875666260872876023e+01
8.894384692558040229e+01
8.928962069600170537e+01
8.974575153510038206e+01
8.990706127895032296e+01
9.016634674501916891e+01
9.019823616287798984e+01
9.043276395425149872e+01
9.076413167742535393e+01
9.097165981796996448e+01
9.124904678451325424e+01
9.162418448657008696e+01
9.157386409702871788e+01
9.179681382652923105e+01
9.193648372664767976e+01
9.225016000634279578e+01
9.254037024528361144e+01
9.292922984488038196e+01
9.329665270582609082e+01
9.369746144295696411e+01
9.413840342819686668e+01
9.448600197277377788e+01
9.490546890809631009e+01
9.508021533997145980e+01
9.542319563275619032e+01
9.564732281277829884e+01
9.615825661490595166e+01
9.641515071335474829e+01
9.665225997657373114e+01
9.697417953532804802e+01
9.723534127519883441e+01
9.751387727026973096e+01
9.777063293325065274e+01
9.780138354003079826e+01
9.801806773234845593e+01
9.826398410001212369e+01
9.826970456005570043e+01
9.851537248793272283e+01
9.861963273130187702e+01
9.851724704821178591e+01
9.877634189392824737e+01
9.906769595210667489e+01
9.941327440365299140e+01
9.969108792814544984e+01
9.971852052109692011e+01
9.973768726019689268e+01
9.967325088098814945e+01
9.982314178369502145e+01
1.001519253294646603e+02
1.004138437900509757e+02
1.007213208238208324e+02
